ENSG00000182057.4 chr22 42665759 42665759 + 4424 6365 22_42672124 chr22 42672124 42672124 356 302.548 0.97086 224.377 3.49702e-12 0.0789603 0.00497512 5.3946e-08
ENSG00000233903.2 chr22 42672361 42672361 + 4437 -18034 22_42654327 chr22 42654327 42654327 356 265.731 1.10603 158.943 2.65466e-06 0.188152 0.00995025 0.0045075
ENSG00000273366.1 chr22 42674194 42674194 + 4438 -10320 22_42663874 chr22 42663874 42663874 356 300.01 1.05908 277.337 5.52988e-17 -0.15667 0.00497512 8.64849e-13
ENSG00000100207.14 chr22 42739622 42739622 - 4503 135808 22_42603814 chr22 42603814 42603814 356 283.635 1.03798 210.451 1.76333e-05 -0.192727 0.0199005 0.0227029
ENSG00000235568.2 chr22 42828401 42828401 - 4567 56884 22_42771517 chr22 42771517 42771517 356 236.876 1.0519 145.938 0.000389733 -0.0722846 0.427861 0.40339
ENSG00000230107.1 chr22 42834029 42834029 + 4571 9822 22_42843851 chr22 42843851 42843851 356 327.753 0.941753 384.686 5.66749e-27 0.543679 0.00497512 4.19423e-21
ENSG00000172250.10 chr22 42896585 42896585 + 4670 16319 22_42912904 chr22 42912904 42912904 356 337.001 0.99434 454.33 1.28262e-50 0.807469 0.00497512 4.25581e-45
ENSG00000189306.6 chr22 42915808 42915808 - 4684 -27673 22_42943481 chr22 42943481 42943481 356 289.111 0.997949 247.162 4.40335e-25 2.90535 0.00497512 3.08992e-18
ENSG00000183569.13 chr22 42949623 42949623 + 4705 -44446 22_42905177 chr22 42905177 42905177 356 265.001 0.963585 189.279 8.25833e-09 -0.102153 0.00497512 0.000177371
ENSG00000202058.1 chr22 42961336 42961336 - 4712 -532313 22_43493649 chr22 43493649 43493649 356 301.244 0.901058 294.635 0.000173598 0.0776245 0.189055 0.18798
ENSG00000182841.8 chr22 42978007 42978007 - 4731 -992 22_42978999 chr22 42978999 42978999 356 285.321 1.03286 280.529 1.21493e-15 -0.504461 0.00497512 1.04861e-10
ENSG00000100227.13 chr22 43010968 43010968 - 4775 133842 22_42877126 chr22 42877126 42877126 356 293.613 1.13965 278.513 4.05122e-08 0.465259 0.00497512 4.85644e-05
ENSG00000270022.2 chr22 43011250 43011250 + 4775 560333 22_43571583 chr22 43571583 43571583 356 285.287 1.10233 272.637 0.003751 0.0326642 0.890547 0.911001
ENSG00000100243.16 chr22 43045574 43045574 - 4840 96689 22_42948885 chr22 42948885 42948885 356 312.439 0.838072 292.133 1.20273e-07 -1.15548 0.00497512 0.000870574
ENSG00000128274.11 chr22 43117304 43117304 - 4931 1728 22_43115576 chr22 43115576 43115576 356 250.052 1.18379 168.102 1.6734e-19 -1.40375 0.00497512 5.10826e-14
ENSG00000234009.1 chr22 43173302 43173302 - 4979 13234 22_43160068 chr22 43160068 43160068 356 265.731 0.992178 188.187 0.000319468 5.95399 0.283582 0.301765
ENSG00000242247.6 chr22 43254112 43254112 - 5058 -119458 22_43373570 chr22 43373570 43373570 356 291.979 1.03741 294.317 4.97094e-13 -0.864459 0.00497512 8.94462e-09
ENSG00000100266.13 chr22 43411151 43411151 - 5283 1162 22_43409989 chr22 43409989 43409989 356 262.95 1.0335 211.155 1.97275e-57 3.86909 0.00497512 6.99501e-42
ENSG00000100271.12 chr22 43485434 43485434 - 5373 71104 22_43414330 chr22 43414330 43414330 356 285.913 1.13231 325.203 1.51471e-08 -0.143879 0.00497512 3.69183e-05
ENSG00000100290.2 chr22 43506754 43506754 + 5415 8949 22_43515703 chr22 43515703 43515703 356 294.743 0.984833 422.583 9.61517e-16 -1.4948 0.00497512 1.64343e-10
ENSG00000100294.8 chr22 43539400 43539400 - 5402 11149 22_43528251 chr22 43528251 43528251 356 326.588 0.975081 527.021 2.72158e-10 0.253903 0.00497512 1.11537e-06
ENSG00000100300.13 chr22 43547520 43547520 + 5407 635 22_43548155 chr22 43548155 43548155 356 307.259 1.01684 433.695 7.52958e-17 -3.33789 0.00497512 2.63139e-12
ENSG00000100304.12 chr22 43583139 43583139 - 5481 -459 22_43583598 chr22 43583598 43583598 356 285.009 1.04973 300.15 2.01225e-31 -1.92655 0.00497512 4.05329e-24
ENSG00000186976.10 chr22 44208217 44208217 - 6121 -45747 22_44253964 chr22 44253964 44253964 356 288.607 0.972231 394.798 1.58217e-06 -0.00891814 0.00995025 0.00710341
ENSG00000261251.1 chr22 44208336 44208336 + 6122 -157738 22_44050598 chr22 44050598 44050598 356 307.937 0.935282 506.809 1.54391e-05 0.0314831 0.0547264 0.0375556
ENSG00000100344.6 chr22 44319619 44319619 + 6368 91391 22_44411010 chr22 44411010 44411010 356 262.15 1.0671 376.786 8.1762e-07 -0.130784 0.00995025 0.00618058
ENSG00000100347.10 chr22 44351301 44351301 + 6398 6599 22_44357900 chr22 44357900 44357900 356 323.407 0.962773 790.172 5.27798e-58 -0.910362 0.00497512 4.08617e-48
ENSG00000188677.10 chr22 44395091 44395091 + 6390 94777 22_44489868 chr22 44489868 44489868 356 325.65 0.904143 833.708 2.42851e-07 -0.768596 0.00995025 0.00137952
ENSG00000138964.12 chr22 44568836 44568836 + 6524 2992 22_44571828 chr22 44571828 44571828 356 352.002 0.932174 1294.69 1.76854e-08 0.494245 0.00497512 5.76361e-05
ENSG00000188636.3 chr22 44894178 44894178 - 6630 131416 22_44762762 chr22 44762762 44762762 356 310.353 1.01685 721.252 0.000340931 0.128395 0.422886 0.44049
ENSG00000186654.16 chr22 45064593 45064593 + 6744 354091 22_45418684 chr22 45418684 45418684 356 295.942 1.12042 623.012 0.000239149 0.133491 0.368159 0.340783
ENSG00000248405.5 chr22 45098113 45098113 + 6707 112553 22_45210666 chr22 45210666 45210666 356 276.421 1.04406 496.18 0.000164343 0.0653581 0.353234 0.339622
ENSG00000241484.5 chr22 45098355 45098355 + 6707 320329 22_45418684 chr22 45418684 45418684 356 325.754 1.03539 908.723 0.000207995 0.0408054 0.308458 0.281456
ENSG00000056487.11 chr22 45405880 45405880 - 6497 864521 22_44541359 chr22 44541359 44541359 356 319.965 0.94297 769.928 0.00053783 0.00485777 0.562189 0.576192
ENSG00000273243.1 chr22 45551892 45551892 - 6308 847279 22_44704613 chr22 44704613 44704613 356 316.159 1.02276 753.295 0.000280466 0.0657711 0.333333 0.36187
ENSG00000226328.2 chr22 45559662 45559662 - 6297 6203 22_45553459 chr22 45553459 45553459 356 349.29 0.970544 1242.81 3.54528e-16 -0.277732 0.00497512 1.9125e-12
ENSG00000093000.14 chr22 45559722 45559722 + 6297 919 22_45560641 chr22 45560641 45560641 356 332.811 1.06592 1126.28 2.75113e-14 -0.442279 0.00497512 4.73199e-11
ENSG00000273353.1 chr22 45574871 45574871 + 6257 365293 22_45940164 chr22 45940164 45940164 356 347.343 0.900835 1122.49 0.000491242 0.0573363 0.532338 0.525764
