ENSG00000223704.1 chr22 27254597 27254597 + 5552 -74651 22_27179946 chr22 27179946 27179946 356 335.697 0.917468 998.272 3.72517e-05 0.0112509 0.0845771 0.0783138
ENSG00000231369.1 chr22 27283511 27283511 - 5487 49089 22_27234422 chr22 27234422 27234422 356 293.231 0.976892 475.963 0.00195431 -0.0393392 0.905473 0.909445
ENSG00000169184.5 chr22 28197486 28197486 - 4266 467273 22_27730213 chr22 27730213 27730213 356 339.956 0.947671 711.004 0.000684212 -0.00403222 0.512438 0.500821
ENSG00000235954.2 chr22 28315364 28315364 + 4142 4147 22_28319511 chr22 28319511 28319511 356 293.387 1.02666 340.182 1.05478e-12 0.084595 0.00497512 2.1471e-08
ENSG00000180957.13 chr22 28316122 28316122 - 4143 48014 22_28268108 chr22 28268108 28268108 356 308.093 1.04049 450.965 1.05377e-08 -0.699808 0.00497512 3.02931e-05
ENSG00000100154.10 chr22 29075853 29075853 - 3074 293666 22_28782187 chr22 28782187 28782187 356 305.677 0.863926 170.322 6.84675e-20 -0.0460938 0.00497512 4.31125e-13
ENSG00000100209.5 chr22 29138019 29138019 + 3024 -988245 22_28149774 chr22 28149774 28149774 356 275.744 1.06291 135.125 0.00109326 -0.334116 0.422886 0.39299
ENSG00000183765.16 chr22 29138410 29138410 - 3026 144012 22_28994398 chr22 28994398 28994398 356 310.37 0.926517 171.596 3.95982e-05 0.160785 0.0199005 0.0288916
ENSG00000159873.5 chr22 29168662 29168662 + 3030 758 22_29169420 chr22 29169420 29169420 356 241.499 1.16815 84.0232 4.74181e-05 -0.53255 0.0348259 0.0386063
ENSG00000100219.12 chr22 29196585 29196585 - 3050 19171 22_29177414 chr22 29177414 29177414 356 268.756 1.05709 108.21 1.37674e-07 6.90564 0.00497512 0.000323812
ENSG00000226471.2 chr22 29196671 29196671 + 3050 35152 22_29231823 chr22 29231823 29231823 356 332.22 0.865211 204.089 0.00135524 -0.0748713 0.39801 0.399662
ENSG00000272858.1 chr22 29210902 29210902 + 3057 -22861 22_29188041 chr22 29188041 29188041 356 272.232 0.972414 101.099 0.000255224 -0.0575525 0.139303 0.139974
ENSG00000183579.11 chr22 29279580 29279580 + 3159 848441 22_30128021 chr22 30128021 30128021 356 287.077 0.833454 133.946 0.00454583 -0.0138564 0.820896 0.820585
ENSG00000183762.8 chr22 29469066 29469066 + 3182 392468 22_29861534 chr22 29861534 29861534 356 266.339 0.979131 95.0957 0.000112478 0.0908801 0.0746269 0.0815933
ENSG00000186998.11 chr22 29601840 29601840 + 3214 19288 22_29621128 chr22 29621128 29621128 356 355.965 0.834428 251.688 1.82007e-09 0.993443 0.00497512 5.46357e-06
ENSG00000237015.1 chr22 29656878 29656878 + 3236 -35750 22_29621128 chr22 29621128 29621128 356 309.292 1.2042 195.869 4.26552e-05 0.297795 0.00995025 0.0114045
ENSG00000182944.13 chr22 29663998 29663998 + 3239 464181 22_30128179 chr22 30128179 30128179 356 256.223 1.24979 113.696 9.60005e-05 -0.50935 0.039801 0.0509185
ENSG00000100263.9 chr22 29664198 29664198 - 3239 2857 22_29661341 chr22 29661341 29661341 356 284.991 1.04786 121.163 7.80369e-08 0.248553 0.00497512 0.000121597
ENSG00000185340.11 chr22 29702572 29702572 + 3269 -211308 22_29491264 chr22 29491264 29491264 356 267.348 1.09017 115.974 0.00443987 0.0145876 0.761194 0.770944
ENSG00000273216.1 chr22 29713209 29713209 - 3276 -387008 22_30100217 chr22 30100217 30100217 356 281.636 1.14005 147.323 0.000160553 0.0403596 0.079602 0.0759265
ENSG00000100276.9 chr22 29715668 29715668 - 3276 -104361 22_29820029 chr22 29820029 29820029 356 219.701 1.11574 71.4079 0.00264828 0.0135131 0.691542 0.689891
ENSG00000239127.1 chr22 29729247 29729247 - 3281 -725561 22_30454808 chr22 30454808 30454808 356 224.777 1.1517 72.8888 0.0061991 0.269412 0.865672 0.859006
ENSG00000100280.12 chr22 29819168 29819168 - 3413 7377 22_29811791 chr22 29811791 29811791 356 312.056 0.869234 169.766 0.00195416 0.563565 0.542289 0.53662
ENSG00000128250.5 chr22 29834572 29834572 + 3436 804538 22_30639110 chr22 30639110 30639110 356 283.375 0.859493 130.559 0.000763532 0.0185441 0.373134 0.365795
ENSG00000225465.6 chr22 29874059 29874059 - 3522 -560064 22_30434123 chr22 30434123 30434123 356 248.574 1.06239 107.953 0.00290584 0.0288396 0.711443 0.731655
ENSG00000100285.9 chr22 29876219 29876219 + 3524 874688 22_30750907 chr22 30750907 30750907 356 246.801 1.20883 119.179 0.00213989 0.616046 0.676617 0.641288
ENSG00000100296.9 chr22 29951205 29951205 - 3605 -1234 22_29952439 chr22 29952439 29952439 356 284.713 1.23605 177.38 2.21254e-08 -0.296435 0.00497512 1.01886e-05
ENSG00000184117.7 chr22 29977326 29977326 - 3626 -88487 22_30065813 chr22 30065813 30065813 356 282.071 1.09203 156.043 8.62296e-28 2.47189 0.00497512 5.80068e-22
ENSG00000186575.13 chr22 29999545 29999545 + 3685 104274 22_30103819 chr22 30103819 30103819 356 277.134 1.14433 150.047 1.98112e-07 -0.207244 0.00497512 0.000218611
ENSG00000100314.3 chr22 30116073 30116073 + 3809 77525 22_30193598 chr22 30193598 30193598 356 340.651 0.956624 310.081 9.18785e-05 0.0731024 0.0597015 0.0463744
ENSG00000100319.11 chr22 30163000 30163000 - 3820 -30598 22_30193598 chr22 30193598 30193598 356 295.525 1.09887 202.512 1.18897e-08 0.195624 0.00497512 1.47242e-05
ENSG00000184076.10 chr22 30163358 30163358 + 3819 30240 22_30193598 chr22 30193598 30193598 356 312.665 0.992108 238.199 3.36145e-15 4.11896 0.00497512 4.53692e-11
ENSG00000100325.10 chr22 30234271 30234271 - 3810 -226988 22_30461259 chr22 30461259 30461259 356 288.885 1.16163 186.371 1.36362e-22 0.563274 0.00497512 6.48458e-19
ENSG00000100330.11 chr22 30279144 30279144 + 3829 -127457 22_30151687 chr22 30151687 30151687 356 315.741 1.04713 294.367 2.86572e-17 -0.148757 0.00497512 1.31762e-13
ENSG00000128342.4 chr22 30642840 30642840 - 3711 776384 22_29866456 chr22 29866456 29866456 356 324.746 0.949097 245.301 0.00981678 0.0510209 0.9801 0.96916
ENSG00000099985.3 chr22 30662829 30662829 - 3693 -601581 22_31264410 chr22 31264410 31264410 356 292.379 1.22537 256.896 0.00457297 0.0535662 0.900498 0.895017
ENSG00000239282.3 chr22 30685616 30685616 - 3714 885335 22_29800281 chr22 29800281 29800281 356 313.899 0.849631 190.075 0.00165332 0.0872521 0.502488 0.526511
ENSG00000248751.2 chr22 30695471 30695471 - 3712 27163 22_30668308 chr22 30668308 30668308 356 331.108 1.05303 338.079 7.79116e-05 -0.159261 0.0248756 0.0381219
