ENSG00000100311.12 chr22 39640756 39640756 - 3473 -105412 22_39746168 chr22 39746168 39746168 356 296.116 0.849669 200.297 6.87523e-10 -0.322424 0.00497512 2.56815e-05
ENSG00000209480.1 chr22 39709916 39709916 - 3420 -482576 22_40192492 chr22 40192492 40192492 356 284.783 1.06763 206.016 0.000284379 1.11621 0.199005 0.188643
ENSG00000209482.1 chr22 39711312 39711312 - 3419 98892 22_39612420 chr22 39612420 39612420 356 326.519 0.963603 330.507 0.00068137 -0.614765 0.343284 0.331881
ENSG00000100316.11 chr22 39716394 39716394 - 3426 -33590 22_39749984 chr22 39749984 39749984 356 322.086 0.917607 247.553 1.23755e-05 9.18797 0.00995025 0.0122223
ENSG00000100321.10 chr22 39745930 39745930 + 3433 1850 22_39747780 chr22 39747780 39747780 356 299.019 1.16221 267.665 4.65218e-62 1.1476 0.00497512 5.36118e-58
ENSG00000100324.9 chr22 39795746 39795746 + 3401 -1505 22_39794241 chr22 39794241 39794241 356 277.916 1.13398 190.298 0.000166294 -0.117144 0.114428 0.113551
ENSG00000128268.11 chr22 39853349 39853349 + 3355 4847 22_39858196 chr22 39858196 39858196 356 301.07 0.898636 216.552 1.72855e-07 1.00282 0.00497512 0.00078174
ENSG00000227188.1 chr22 39872827 39872827 - 3361 -1487 22_39874314 chr22 39874314 39874314 356 306.754 1.07136 247.403 0.000109744 -0.0548116 0.0646766 0.0635561
ENSG00000100335.8 chr22 39895437 39895437 + 3394 40914 22_39936351 chr22 39936351 39936351 356 263.471 1.21941 171.777 0.000856975 0.280952 0.477612 0.409886
ENSG00000128272.10 chr22 39915700 39915700 + 3406 25172 22_39940872 chr22 39940872 39940872 356 372.357 0.878618 424.135 6.63798e-06 3.55573 0.00995025 0.00391581
ENSG00000187051.4 chr22 39928860 39928860 - 3409 87327 22_39841533 chr22 39841533 39841533 356 284.852 1.05506 177.375 0.000180561 -0.213883 0.119403 0.117313
ENSG00000226085.2 chr22 40271293 40271293 + 3475 -296485 22_39974808 chr22 39974808 39974808 356 282.871 1.1089 191.653 0.00231458 0.532717 0.691542 0.679635
ENSG00000176177.9 chr22 40289868 40289868 - 3430 869256 22_39420612 chr22 39420612 39420612 356 262.098 1.20825 164.11 0.000231868 -0.0187389 0.174129 0.154962
ENSG00000100351.12 chr22 40297086 40297086 + 3372 -353698 22_39943388 chr22 39943388 39943388 356 314.142 1.08579 307.435 0.00416692 -0.327114 0.860697 0.872049
ENSG00000225528.1 chr22 40356401 40356401 + 3203 88756 22_40445157 chr22 40445157 40445157 356 285.096 1.05179 202.495 0.00200768 -0.0227527 0.671642 0.665934
ENSG00000133477.12 chr22 40390953 40390953 + 3137 349122 22_40740075 chr22 40740075 40740075 356 291.979 0.946221 156.137 0.00970155 -0.000691645 0.965174 0.956346
ENSG00000100354.16 chr22 40440821 40440821 + 3144 -932901 22_39507920 chr22 39507920 39507920 356 328.535 1.08896 279.199 0.000725942 0.0598073 0.258706 0.240554
ENSG00000239900.7 chr22 40742507 40742507 + 2707 72087 22_40814594 chr22 40814594 40814594 356 321.756 0.957701 179.021 2.43555e-05 0.373856 0.00995025 0.0131976
ENSG00000100359.16 chr22 40766595 40766595 + 2661 23506 22_40790101 chr22 40790101 40790101 356 375.921 0.764372 228.511 4.25787e-19 -0.704273 0.00497512 1.11001e-13
ENSG00000272834.1 chr22 40811007 40811007 + 2677 -772605 22_40038402 chr22 40038402 40038402 356 330.291 0.986122 198.631 0.00660044 -0.0318999 0.830846 0.833884
ENSG00000232564.1 chr22 40917804 40917804 + 2673 -176164 22_40741640 chr22 40741640 40741640 356 285.2 0.935399 97.3631 0.00303617 0.0102625 0.587065 0.57278
ENSG00000230071.2 chr22 40984007 40984007 - 2639 387623 22_40596384 chr22 40596384 40596384 356 297.889 1.06863 117.997 0.000358662 -0.0584628 0.0895522 0.102323
ENSG00000196588.10 chr22 41032706 41032706 - 2563 -975239 22_42007945 chr22 42007945 42007945 356 309.553 1.06741 140.102 0.0028461 -0.215331 0.532338 0.500117
ENSG00000128285.4 chr22 41074754 41074754 + 2522 -46884 22_41027870 chr22 41027870 41027870 356 260.047 1.00483 69.004 0.000346552 0.0158154 0.149254 0.141495
ENSG00000230769.1 chr22 41185271 41185271 - 2585 -670187 22_41855458 chr22 41855458 41855458 356 309.64 0.880293 104.623 0.00123209 -0.0343421 0.278607 0.292765
ENSG00000100372.10 chr22 41215403 41215403 - 2601 -411260 22_41626663 chr22 41626663 41626663 356 314.681 0.998873 122.952 0.000138833 0.721273 0.0447761 0.0412346
ENSG00000100380.8 chr22 41253026 41253026 - 2630 -60987 22_41314013 chr22 41314013 41314013 356 283.253 1.01244 89.7998 0.00229877 -0.410937 0.462687 0.439689
ENSG00000196236.8 chr22 41253081 41253081 + 2630 -106048 22_41147033 chr22 41147033 41147033 356 275.187 1.06629 85.7123 5.41343e-08 0.14097 0.00497512 8.16815e-05
ENSG00000172404.4 chr22 41258130 41258130 - 2636 1328 22_41256802 chr22 41256802 41256802 356 334.915 0.967262 145.074 9.6874e-72 0.245823 0.00497512 2.60925e-63
ENSG00000100387.8 chr22 41347351 41347351 + 2714 -984405 22_40362946 chr22 40362946 40362946 356 291.597 1.06212 77.8332 0.00437963 -0.403993 0.542289 0.510979
ENSG00000237214.2 chr22 41460056 41460056 + 2800 454378 22_41914434 chr22 41914434 41914434 356 273.953 1.07634 69.2957 0.0081399 -6.10629 0.776119 0.732699
ENSG00000100393.9 chr22 41487790 41487790 + 2819 841485 22_42329275 chr22 42329275 42329275 356 291.214 0.997129 82.7994 0.000681017 -0.375134 0.139303 0.162602
ENSG00000221160.1 chr22 41488517 41488517 + 2823 429403 22_41917920 chr22 41917920 41917920 356 276.682 1.17301 84.0025 0.0049106 -0.606296 0.606965 0.601622
ENSG00000100395.10 chr22 41601209 41601209 + 2953 -107221 22_41493988 chr22 41493988 41493988 356 256.171 1.02394 52.5127 4.66589e-18 0.365166 0.00497512 5.83451e-12
ENSG00000235513.1 chr22 41613631 41613631 - 2929 15578 22_41598053 chr22 41598053 41598053 356 293.213 1.06723 97.1778 8.07451e-26 0.294649 0.00497512 7.77082e-21
ENSG00000100399.11 chr22 41636938 41636938 - 2914 -711124 22_42348062 chr22 42348062 42348062 356 309.64 0.944939 102.614 0.00886538 0.0420385 0.79602 0.797487
ENSG00000100401.15 chr22 41682255 41682255 - 2934 20278 22_41661977 chr22 41661977 41661977 356 318.418 1.0277 116.95 1.29514e-09 -0.7409 0.00497512 7.56093e-07
ENSG00000100403.10 chr22 41697526 41697526 + 2944 -57798 22_41639728 chr22 41639728 41639728 356 296.69 0.901676 82.0656 0.0001542 -0.148064 0.0696517 0.0624492
