ENSG00000100353.13 chr22 36925483 36925483 - 4868 485243 22_36440240 chr22 36440240 36440240 356 302.982 1.03033 455.444 0.000278311 1.87478 0.313433 0.291644
ENSG00000100360.10 chr22 37172300 37172300 - 4717 689 22_37171611 chr22 37171611 37171611 356 351.846 1.04503 1007.55 6.62353e-11 -0.088799 0.00497512 4.05763e-08
ENSG00000100365.10 chr22 37257030 37257030 + 4818 8049 22_37265079 chr22 37265079 37265079 356 304.078 1.04576 426.763 8.56793e-13 3.31248 0.00497512 7.13471e-09
ENSG00000100368.9 chr22 37309670 37309670 + 4812 -45964 22_37263706 chr22 37263706 37263706 356 318.714 1.06729 535.244 2.52292e-23 2.90585 0.00497512 1.6295e-19
ENSG00000128309.12 chr22 37415676 37415676 + 4799 -146987 22_37268689 chr22 37268689 37268689 356 311.5 1.04544 430.705 3.2636e-05 0.17524 0.0248756 0.036579
ENSG00000128311.9 chr22 37415681 37415681 - 4799 -351128 22_37766809 chr22 37766809 37766809 356 296.255 1.1523 428.237 0.00162436 0.419341 0.79602 0.781323
ENSG00000100379.13 chr22 37447779 37447779 + 4782 -171494 22_37276285 chr22 37276285 37276285 356 290.328 1.08774 365.182 1.16277e-05 0.127401 0.0199005 0.0190193
ENSG00000187045.12 chr22 37505603 37505603 - 4761 31082 22_37474521 chr22 37474521 37474521 356 260.169 1.08432 253.745 0.000523533 -0.115973 0.492537 0.498155
ENSG00000100385.9 chr22 37571094 37571094 - 4812 16255 22_37554839 chr22 37554839 37554839 356 298.811 1.15403 423.721 2.64771e-05 2.01889 0.0298507 0.0287071
ENSG00000133466.9 chr22 37595425 37595425 - 4766 -908 22_37596333 chr22 37596333 37596333 356 329.804 1.00764 552.519 9.67181e-25 -0.101346 0.00497512 1.90816e-20
ENSG00000183473.5 chr22 37608362 37608362 - 4706 -3903 22_37612265 chr22 37612265 37612265 356 277.256 1.03037 251.979 4.85355e-09 -0.571512 0.00497512 4.48978e-05
ENSG00000226233.1 chr22 37611931 37611931 - 4694 -111 22_37612042 chr22 37612042 37612042 356 275.361 1.25268 301.645 1.66812e-23 -0.460706 0.00497512 5.56566e-20
ENSG00000255594.1 chr22 37622035 37622035 - 4651 -326287 22_37948322 chr22 37948322 37948322 356 314.021 1.08562 470.517 0.0019317 10.8017 0.781095 0.791997
ENSG00000128340.10 chr22 37640488 37640488 - 4618 2835 22_37637653 chr22 37637653 37637653 356 305.121 1.10019 399.807 7.03854e-07 -6.56096 0.00497512 0.000889128
ENSG00000100055.16 chr22 37678068 37678068 + 4581 2930 22_37680998 chr22 37680998 37680998 356 291.44 1.06187 386.784 2.28618e-14 -0.387082 0.00497512 5.43771e-10
ENSG00000166897.10 chr22 37823505 37823505 - 4445 -45916 22_37869421 chr22 37869421 37869421 356 310.092 1.07591 475.607 0.000748611 0.00673635 0.547264 0.509979
ENSG00000100060.13 chr22 37882439 37882439 - 4334 544153 22_37338286 chr22 37338286 37338286 356 328.831 1.00666 582.609 0.000122673 -0.471241 0.129353 0.12001
ENSG00000128283.6 chr22 37956454 37956454 + 4158 570428 22_38526882 chr22 38526882 38526882 356 291.805 0.80852 316.458 1.34401e-05 0.0435142 0.0646766 0.0549427
ENSG00000100083.14 chr22 38004481 38004481 + 4094 -202135 22_37802346 chr22 37802346 37802346 356 279.968 1.02363 285.822 0.000457826 -0.0974252 0.402985 0.406128
ENSG00000100092.16 chr22 38030661 38030661 + 4048 833799 22_38864460 chr22 38864460 38864460 356 254.085 1.13809 198.818 7.98134e-05 0.458008 0.119403 0.115306
ENSG00000233360.4 chr22 38054384 38054384 - 4091 48507 22_38005877 chr22 38005877 38005877 356 306.824 1.09394 366.066 3.3485e-05 -0.318778 0.039801 0.0300674
ENSG00000241360.1 chr22 38054734 38054734 + 4093 809726 22_38864460 chr22 38864460 38864460 356 304.06 0.983677 353.676 5.68045e-05 0.823813 0.0845771 0.0715531
ENSG00000100097.7 chr22 38071615 38071615 + 4113 3573 22_38075188 chr22 38075188 38075188 356 316.106 1.02139 442.647 1.56866e-09 -25.7027 0.00497512 4.34574e-06
ENSG00000100101.13 chr22 38077680 38077680 + 4133 22737 22_38100417 chr22 38100417 38100417 356 293.683 0.982027 291.059 1.70851e-17 -0.230935 0.00497512 5.0723e-12
ENSG00000100106.15 chr22 38093011 38093011 + 4119 29451 22_38122462 chr22 38122462 38122462 356 308.51 0.917017 346.614 2.22543e-18 -0.21224 0.00497512 1.65085e-12
ENSG00000189060.4 chr22 38201114 38201114 + 4030 36450 22_38237564 chr22 38237564 38237564 356 276.335 0.967081 207.73 0.000144859 -0.694667 0.169154 0.168009
ENSG00000100116.12 chr22 38203912 38203912 + 4027 347 22_38204259 chr22 38204259 38204259 356 330.221 0.938961 459.876 8.76876e-28 0.912911 0.00497512 7.67181e-22
ENSG00000207945.1 chr22 38240378 38240378 - 4000 -184229 22_38424607 chr22 38424607 38424607 356 282.766 0.988778 278.064 2.63756e-07 0.418859 0.00497512 0.00135381
ENSG00000100129.13 chr22 38244875 38244875 + 3990 -25623 22_38219252 chr22 38219252 38219252 356 299.349 1.05201 305.578 3.9417e-06 3.4469 0.00995025 0.00535787
ENSG00000100124.8 chr22 38245334 38245334 - 3988 -179273 22_38424607 chr22 38424607 38424607 356 283.983 1.11693 260.847 3.61155e-49 0.822277 0.00497512 1.97965e-41
ENSG00000100139.9 chr22 38301664 38301664 + 4042 -999572 22_37302092 chr22 37302092 37302092 356 301.488 0.99772 325.091 0.000389446 -0.107166 0.288557 0.301622
ENSG00000100142.10 chr22 38348614 38348614 + 3988 324965 22_38673579 chr22 38673579 38673579 356 279.533 1.17221 270.183 0.0029438 0.0558117 0.890547 0.866166
ENSG00000128346.6 chr22 38349676 38349676 - 3983 343799 22_38005877 chr22 38005877 38005877 356 277.551 1.12769 255.615 0.000557604 -0.0507754 0.41791 0.386612
ENSG00000100151.11 chr22 38452318 38452318 + 3875 22634 22_38474952 chr22 38474952 38474952 356 306.024 1.07089 319.662 0.000577443 0.0621646 0.368159 0.331521
ENSG00000233739.1 chr22 38469947 38469947 - 3872 19656 22_38450291 chr22 38450291 38450291 356 326.484 1.04751 442.09 5.28443e-05 0.0869547 0.0199005 0.0396116
ENSG00000272720.1 chr22 38486134 38486134 + 3860 -767130 22_37719004 chr22 37719004 37719004 356 295.386 0.968036 247.138 0.000356614 0.012821 0.273632 0.261154
ENSG00000128298.12 chr22 38506677 38506677 - 3882 3198 22_38503479 chr22 38503479 38503479 356 288.155 1.06478 265.915 0.00269909 -0.0142351 0.835821 0.827754
ENSG00000185022.7 chr22 38597889 38597889 + 3910 -6457 22_38591432 chr22 38591432 38591432 356 300.427 1.07648 340.832 2.90627e-09 -0.491769 0.00497512 7.03664e-06
