-1000000 -999001 1315
-999000 -998001 1255
-998000 -997001 1263
-997000 -996001 1317
-996000 -995001 1341
-995000 -994001 1296
-994000 -993001 1278
-993000 -992001 1300
-992000 -991001 1310
-991000 -990001 1283
-990000 -989001 1294
-989000 -988001 1299
-988000 -987001 1318
-987000 -986001 1271
-986000 -985001 1258
-985000 -984001 1274
-984000 -983001 1303
-983000 -982001 1269
-982000 -981001 1286
-981000 -980001 1285
-980000 -979001 1268
-979000 -978001 1274
-978000 -977001 1359
-977000 -976001 1339
-976000 -975001 1289
-975000 -974001 1319
-974000 -973001 1320
-973000 -972001 1312
-972000 -971001 1301
-971000 -970001 1303
-970000 -969001 1304
-969000 -968001 1295
-968000 -967001 1318
-967000 -966001 1320
-966000 -965001 1276
-965000 -964001 1299
-964000 -963001 1312
-963000 -962001 1309
-962000 -961001 1303
-961000 -960001 1313
-960000 -959001 1331
-959000 -958001 1311
-958000 -957001 1271
-957000 -956001 1332
-956000 -955001 1303
-955000 -954001 1258
-954000 -953001 1270
-953000 -952001 1348
-952000 -951001 1337
-951000 -950001 1321
-950000 -949001 1290
-949000 -948001 1304
-948000 -947001 1310
-947000 -946001 1327
-946000 -945001 1310
-945000 -944001 1290
-944000 -943001 1295
-943000 -942001 1310
-942000 -941001 1291
-941000 -940001 1286
-940000 -939001 1299
-939000 -938001 1314
-938000 -937001 1322
-937000 -936001 1341
-936000 -935001 1300
-935000 -934001 1235
-934000 -933001 1297
-933000 -932001 1306
-932000 -931001 1278
-931000 -930001 1300
-930000 -929001 1321
-929000 -928001 1322
-928000 -927001 1298
-927000 -926001 1298
-926000 -925001 1326
-925000 -924001 1300
-924000 -923001 1297
-923000 -922001 1346
-922000 -921001 1374
-921000 -920001 1316
-920000 -919001 1307
-919000 -918001 1294
-918000 -917001 1273
-917000 -916001 1287
-916000 -915001 1332
-915000 -914001 1321
-914000 -913001 1313
-913000 -912001 1317
-912000 -911001 1318
-911000 -910001 1259
-910000 -909001 1259
-909000 -908001 1229
-908000 -907001 1273
-907000 -906001 1288
-906000 -905001 1247
-905000 -904001 1282
-904000 -903001 1249
-903000 -902001 1258
-902000 -901001 1325
-901000 -900001 1302
-900000 -899001 1282
-899000 -898001 1244
-898000 -897001 1273
-897000 -896001 1270
-896000 -895001 1269
-895000 -894001 1284
-894000 -893001 1313
-893000 -892001 1305
-892000 -891001 1284
-891000 -890001 1252
-890000 -889001 1269
-889000 -888001 1326
-888000 -887001 1297
-887000 -886001 1252
-886000 -885001 1314
-885000 -884001 1268
-884000 -883001 1321
-883000 -882001 1333
-882000 -881001 1314
-881000 -880001 1274
-880000 -879001 1280
-879000 -878001 1291
-878000 -877001 1302
-877000 -876001 1260
-876000 -875001 1284
-875000 -874001 1259
-874000 -873001 1242
-873000 -872001 1243
-872000 -871001 1261
-871000 -870001 1278
-870000 -869001 1313
-869000 -868001 1324
-868000 -867001 1314
-867000 -866001 1329
-866000 -865001 1319
-865000 -864001 1267
-864000 -863001 1302
-863000 -862001 1256
-862000 -861001 1279
-861000 -860001 1275
-860000 -859001 1287
-859000 -858001 1309
-858000 -857001 1293
-857000 -856001 1315
-856000 -855001 1263
-855000 -854001 1258
-854000 -853001 1298
-853000 -852001 1301
-852000 -851001 1278
-851000 -850001 1260
-850000 -849001 1279
-849000 -848001 1300
-848000 -847001 1278
-847000 -846001 1315
-846000 -845001 1316
-845000 -844001 1279
-844000 -843001 1285
-843000 -842001 1292
-842000 -841001 1359
-841000 -840001 1299
-840000 -839001 1326
-839000 -838001 1355
-838000 -837001 1327
-837000 -836001 1308
-836000 -835001 1378
-835000 -834001 1311
-834000 -833001 1319
-833000 -832001 1332
-832000 -831001 1315
-831000 -830001 1343
-830000 -829001 1306
-829000 -828001 1367
-828000 -827001 1332
-827000 -826001 1315
-826000 -825001 1308
-825000 -824001 1286
-824000 -823001 1296
-823000 -822001 1293
-822000 -821001 1273
-821000 -820001 1289
-820000 -819001 1354
-819000 -818001 1318
-818000 -817001 1272
-817000 -816001 1337
-816000 -815001 1291
-815000 -814001 1315
-814000 -813001 1315
-813000 -812001 1319
-812000 -811001 1298
-811000 -810001 1262
-810000 -809001 1264
-809000 -808001 1295
-808000 -807001 1300
-807000 -806001 1329
-806000 -805001 1382
-805000 -804001 1302
-804000 -803001 1334
-803000 -802001 1317
-802000 -801001 1339
-801000 -800001 1317
-800000 -799001 1323
-799000 -798001 1290
-798000 -797001 1270
-797000 -796001 1320
-796000 -795001 1341
-795000 -794001 1392
-794000 -793001 1335
-793000 -792001 1319
-792000 -791001 1390
-791000 -790001 1337
-790000 -789001 1303
-789000 -788001 1251
-788000 -787001 1286
-787000 -786001 1293
-786000 -785001 1329
-785000 -784001 1358
-784000 -783001 1341
-783000 -782001 1385
-782000 -781001 1383
-781000 -780001 1344
-780000 -779001 1391
-779000 -778001 1425
-778000 -777001 1327
-777000 -776001 1332
-776000 -775001 1320
-775000 -774001 1347
-774000 -773001 1364
-773000 -772001 1336
-772000 -771001 1275
-771000 -770001 1303
-770000 -769001 1309
-769000 -768001 1302
-768000 -767001 1318
-767000 -766001 1328
-766000 -765001 1316
-765000 -764001 1272
-764000 -763001 1376
-763000 -762001 1334
-762000 -761001 1295
-761000 -760001 1337
-760000 -759001 1314
-759000 -758001 1309
-758000 -757001 1286
-757000 -756001 1306
-756000 -755001 1248
-755000 -754001 1343
-754000 -753001 1378
-753000 -752001 1346
-752000 -751001 1400
-751000 -750001 1382
-750000 -749001 1333
-749000 -748001 1285
-748000 -747001 1301
-747000 -746001 1283
-746000 -745001 1308
-745000 -744001 1299
-744000 -743001 1357
-743000 -742001 1349
-742000 -741001 1330
-741000 -740001 1364
-740000 -739001 1363
-739000 -738001 1321
-738000 -737001 1365
-737000 -736001 1334
-736000 -735001 1344
-735000 -734001 1384
-734000 -733001 1335
-733000 -732001 1343
-732000 -731001 1379
-731000 -730001 1394
-730000 -729001 1417
-729000 -728001 1343
-728000 -727001 1354
-727000 -726001 1377
-726000 -725001 1393
-725000 -724001 1371
-724000 -723001 1296
-723000 -722001 1349
-722000 -721001 1334
-721000 -720001 1305
-720000 -719001 1313
-719000 -718001 1312
-718000 -717001 1255
-717000 -716001 1311
-716000 -715001 1353
-715000 -714001 1352
-714000 -713001 1332
-713000 -712001 1310
-712000 -711001 1352
-711000 -710001 1331
-710000 -709001 1337
-709000 -708001 1322
-708000 -707001 1330
-707000 -706001 1337
-706000 -705001 1346
-705000 -704001 1365
-704000 -703001 1345
-703000 -702001 1322
-702000 -701001 1318
-701000 -700001 1310
-700000 -699001 1276
-699000 -698001 1314
-698000 -697001 1321
-697000 -696001 1357
-696000 -695001 1323
-695000 -694001 1329
-694000 -693001 1349
-693000 -692001 1326
-692000 -691001 1280
-691000 -690001 1355
-690000 -689001 1362
-689000 -688001 1326
-688000 -687001 1350
-687000 -686001 1432
-686000 -685001 1421
-685000 -684001 1364
-684000 -683001 1337
-683000 -682001 1346
-682000 -681001 1344
-681000 -680001 1375
-680000 -679001 1325
-679000 -678001 1306
-678000 -677001 1340
-677000 -676001 1349
-676000 -675001 1330
-675000 -674001 1301
-674000 -673001 1248
-673000 -672001 1342
-672000 -671001 1362
-671000 -670001 1320
-670000 -669001 1374
-669000 -668001 1376
-668000 -667001 1350
-667000 -666001 1323
-666000 -665001 1291
-665000 -664001 1331
-664000 -663001 1310
-663000 -662001 1276
-662000 -661001 1335
-661000 -660001 1334
-660000 -659001 1323
-659000 -658001 1320
-658000 -657001 1316
-657000 -656001 1356
-656000 -655001 1373
-655000 -654001 1329
-654000 -653001 1334
-653000 -652001 1301
-652000 -651001 1345
-651000 -650001 1392
-650000 -649001 1361
-649000 -648001 1335
-648000 -647001 1349
-647000 -646001 1323
-646000 -645001 1280
-645000 -644001 1283
-644000 -643001 1260
-643000 -642001 1321
-642000 -641001 1384
-641000 -640001 1331
-640000 -639001 1338
-639000 -638001 1350
-638000 -637001 1366
-637000 -636001 1370
-636000 -635001 1348
-635000 -634001 1328
-634000 -633001 1293
-633000 -632001 1303
-632000 -631001 1277
-631000 -630001 1276
-630000 -629001 1379
-629000 -628001 1368
-628000 -627001 1333
-627000 -626001 1337
-626000 -625001 1350
-625000 -624001 1344
-624000 -623001 1361
-623000 -622001 1355
-622000 -621001 1372
-621000 -620001 1400
-620000 -619001 1387
-619000 -618001 1347
-618000 -617001 1369
-617000 -616001 1310
-616000 -615001 1395
-615000 -614001 1415
-614000 -613001 1411
-613000 -612001 1308
-612000 -611001 1370
-611000 -610001 1341
-610000 -609001 1338
-609000 -608001 1341
-608000 -607001 1327
-607000 -606001 1362
-606000 -605001 1303
-605000 -604001 1339
-604000 -603001 1366
-603000 -602001 1379
-602000 -601001 1358
-601000 -600001 1383
-600000 -599001 1487
-599000 -598001 1444
-598000 -597001 1429
-597000 -596001 1392
-596000 -595001 1425
-595000 -594001 1410
-594000 -593001 1388
-593000 -592001 1415
-592000 -591001 1378
-591000 -590001 1399
-590000 -589001 1359
-589000 -588001 1376
-588000 -587001 1362
-587000 -586001 1389
-586000 -585001 1352
-585000 -584001 1360
-584000 -583001 1297
-583000 -582001 1306
-582000 -581001 1394
-581000 -580001 1411
-580000 -579001 1340
-579000 -578001 1322
-578000 -577001 1389
-577000 -576001 1379
-576000 -575001 1380
-575000 -574001 1389
-574000 -573001 1425
-573000 -572001 1402
-572000 -571001 1435
-571000 -570001 1372
-570000 -569001 1332
-569000 -568001 1294
-568000 -567001 1354
-567000 -566001 1355
-566000 -565001 1376
-565000 -564001 1361
-564000 -563001 1403
-563000 -562001 1366
-562000 -561001 1352
-561000 -560001 1366
-560000 -559001 1416
-559000 -558001 1396
-558000 -557001 1360
-557000 -556001 1363
-556000 -555001 1332
-555000 -554001 1343
-554000 -553001 1403
-553000 -552001 1344
-552000 -551001 1375
-551000 -550001 1388
-550000 -549001 1397
-549000 -548001 1428
-548000 -547001 1395
-547000 -546001 1392
-546000 -545001 1387
-545000 -544001 1406
-544000 -543001 1413
-543000 -542001 1443
-542000 -541001 1388
-541000 -540001 1372
-540000 -539001 1373
-539000 -538001 1327
-538000 -537001 1393
-537000 -536001 1406
-536000 -535001 1396
-535000 -534001 1354
-534000 -533001 1319
-533000 -532001 1373
-532000 -531001 1391
-531000 -530001 1343
-530000 -529001 1381
-529000 -528001 1337
-528000 -527001 1371
-527000 -526001 1395
-526000 -525001 1369
-525000 -524001 1360
-524000 -523001 1365
-523000 -522001 1368
-522000 -521001 1356
-521000 -520001 1453
-520000 -519001 1425
-519000 -518001 1354
-518000 -517001 1430
-517000 -516001 1395
-516000 -515001 1391
-515000 -514001 1398
-514000 -513001 1360
-513000 -512001 1317
-512000 -511001 1432
-511000 -510001 1406
-510000 -509001 1390
-509000 -508001 1417
-508000 -507001 1413
-507000 -506001 1389
-506000 -505001 1451
-505000 -504001 1381
-504000 -503001 1379
-503000 -502001 1457
-502000 -501001 1430
-501000 -500001 1377
-500000 -499001 1350
-499000 -498001 1426
-498000 -497001 1397
-497000 -496001 1415
-496000 -495001 1414
-495000 -494001 1398
-494000 -493001 1364
-493000 -492001 1386
-492000 -491001 1388
-491000 -490001 1395
-490000 -489001 1354
-489000 -488001 1352
-488000 -487001 1358
-487000 -486001 1338
-486000 -485001 1409
-485000 -484001 1408
-484000 -483001 1444
-483000 -482001 1454
-482000 -481001 1437
-481000 -480001 1392
-480000 -479001 1389
-479000 -478001 1433
-478000 -477001 1431
-477000 -476001 1419
-476000 -475001 1437
-475000 -474001 1449
-474000 -473001 1422
-473000 -472001 1364
-472000 -471001 1374
-471000 -470001 1422
-470000 -469001 1420
-469000 -468001 1416
-468000 -467001 1392
-467000 -466001 1371
-466000 -465001 1364
-465000 -464001 1417
-464000 -463001 1415
-463000 -462001 1457
-462000 -461001 1453
-461000 -460001 1365
-460000 -459001 1413
-459000 -458001 1431
-458000 -457001 1378
-457000 -456001 1410
-456000 -455001 1434
-455000 -454001 1426
-454000 -453001 1407
-453000 -452001 1415
-452000 -451001 1381
-451000 -450001 1410
-450000 -449001 1382
-449000 -448001 1363
-448000 -447001 1385
-447000 -446001 1385
-446000 -445001 1428
-445000 -444001 1356
-444000 -443001 1360
-443000 -442001 1371
-442000 -441001 1361
-441000 -440001 1395
-440000 -439001 1393
-439000 -438001 1374
-438000 -437001 1371
-437000 -436001 1452
-436000 -435001 1479
-435000 -434001 1430
-434000 -433001 1442
-433000 -432001 1389
-432000 -431001 1347
-431000 -430001 1393
-430000 -429001 1404
-429000 -428001 1438
-428000 -427001 1454
-427000 -426001 1467
-426000 -425001 1427
-425000 -424001 1426
-424000 -423001 1423
-423000 -422001 1356
-422000 -421001 1401
-421000 -420001 1428
-420000 -419001 1415
-419000 -418001 1464
-418000 -417001 1419
-417000 -416001 1429
-416000 -415001 1432
-415000 -414001 1469
-414000 -413001 1465
-413000 -412001 1416
-412000 -411001 1414
-411000 -410001 1424
-410000 -409001 1437
-409000 -408001 1446
-408000 -407001 1431
-407000 -406001 1446
-406000 -405001 1422
-405000 -404001 1416
-404000 -403001 1443
-403000 -402001 1456
-402000 -401001 1430
-401000 -400001 1397
-400000 -399001 1396
-399000 -398001 1384
-398000 -397001 1421
-397000 -396001 1457
-396000 -395001 1425
-395000 -394001 1436
-394000 -393001 1427
-393000 -392001 1416
-392000 -391001 1472
-391000 -390001 1426
-390000 -389001 1473
-389000 -388001 1460
-388000 -387001 1423
-387000 -386001 1424
-386000 -385001 1465
-385000 -384001 1445
-384000 -383001 1428
-383000 -382001 1418
-382000 -381001 1467
-381000 -380001 1372
-380000 -379001 1374
-379000 -378001 1405
-378000 -377001 1409
-377000 -376001 1414
-376000 -375001 1430
-375000 -374001 1450
-374000 -373001 1402
-373000 -372001 1389
-372000 -371001 1435
-371000 -370001 1423
-370000 -369001 1402
-369000 -368001 1419
-368000 -367001 1398
-367000 -366001 1397
-366000 -365001 1426
-365000 -364001 1459
-364000 -363001 1474
-363000 -362001 1364
-362000 -361001 1354
-361000 -360001 1388
-360000 -359001 1396
-359000 -358001 1392
-358000 -357001 1491
-357000 -356001 1460
-356000 -355001 1448
-355000 -354001 1417
-354000 -353001 1352
-353000 -352001 1379
-352000 -351001 1476
-351000 -350001 1512
-350000 -349001 1463
-349000 -348001 1410
-348000 -347001 1440
-347000 -346001 1445
-346000 -345001 1439
-345000 -344001 1447
-344000 -343001 1459
-343000 -342001 1383
-342000 -341001 1327
-341000 -340001 1399
-340000 -339001 1401
-339000 -338001 1401
-338000 -337001 1403
-337000 -336001 1370
-336000 -335001 1428
-335000 -334001 1457
-334000 -333001 1460
-333000 -332001 1455
-332000 -331001 1429
-331000 -330001 1456
-330000 -329001 1464
-329000 -328001 1443
-328000 -327001 1387
-327000 -326001 1452
-326000 -325001 1449
-325000 -324001 1420
-324000 -323001 1445
-323000 -322001 1393
-322000 -321001 1378
-321000 -320001 1463
-320000 -319001 1459
-319000 -318001 1387
-318000 -317001 1384
-317000 -316001 1431
-316000 -315001 1398
-315000 -314001 1411
-314000 -313001 1401
-313000 -312001 1435
-312000 -311001 1460
-311000 -310001 1438
-310000 -309001 1463
-309000 -308001 1487
-308000 -307001 1538
-307000 -306001 1490
-306000 -305001 1432
-305000 -304001 1534
-304000 -303001 1477
-303000 -302001 1463
-302000 -301001 1473
-301000 -300001 1471
-300000 -299001 1417
-299000 -298001 1391
-298000 -297001 1443
-297000 -296001 1467
-296000 -295001 1416
-295000 -294001 1463
-294000 -293001 1455
-293000 -292001 1455
-292000 -291001 1477
-291000 -290001 1468
-290000 -289001 1465
-289000 -288001 1492
-288000 -287001 1472
-287000 -286001 1457
-286000 -285001 1443
-285000 -284001 1483
-284000 -283001 1468
-283000 -282001 1462
-282000 -281001 1483
-281000 -280001 1516
-280000 -279001 1415
-279000 -278001 1480
-278000 -277001 1491
-277000 -276001 1499
-276000 -275001 1490
-275000 -274001 1489
-274000 -273001 1471
-273000 -272001 1455
-272000 -271001 1451
-271000 -270001 1490
-270000 -269001 1479
-269000 -268001 1489
-268000 -267001 1498
-267000 -266001 1458
-266000 -265001 1467
-265000 -264001 1469
-264000 -263001 1492
-263000 -262001 1465
-262000 -261001 1507
-261000 -260001 1527
-260000 -259001 1535
-259000 -258001 1471
-258000 -257001 1428
-257000 -256001 1442
-256000 -255001 1471
-255000 -254001 1438
-254000 -253001 1450
-253000 -252001 1448
-252000 -251001 1398
-251000 -250001 1409
-250000 -249001 1420
-249000 -248001 1457
-248000 -247001 1464
-247000 -246001 1477
-246000 -245001 1506
-245000 -244001 1509
-244000 -243001 1527
-243000 -242001 1546
-242000 -241001 1555
-241000 -240001 1557
-240000 -239001 1511
-239000 -238001 1509
-238000 -237001 1552
-237000 -236001 1494
-236000 -235001 1486
-235000 -234001 1477
-234000 -233001 1491
-233000 -232001 1513
-232000 -231001 1484
-231000 -230001 1431
-230000 -229001 1428
-229000 -228001 1510
-228000 -227001 1463
-227000 -226001 1479
-226000 -225001 1500
-225000 -224001 1525
-224000 -223001 1483
-223000 -222001 1495
-222000 -221001 1453
-221000 -220001 1496
-220000 -219001 1521
-219000 -218001 1491
-218000 -217001 1471
-217000 -216001 1478
-216000 -215001 1490
-215000 -214001 1492
-214000 -213001 1565
-213000 -212001 1519
-212000 -211001 1498
-211000 -210001 1497
-210000 -209001 1533
-209000 -208001 1554
-208000 -207001 1497
-207000 -206001 1504
-206000 -205001 1516
-205000 -204001 1510
-204000 -203001 1534
-203000 -202001 1517
-202000 -201001 1523
-201000 -200001 1508
-200000 -199001 1510
-199000 -198001 1497
-198000 -197001 1514
-197000 -196001 1465
-196000 -195001 1511
-195000 -194001 1553
-194000 -193001 1492
-193000 -192001 1475
-192000 -191001 1490
-191000 -190001 1528
-190000 -189001 1572
-189000 -188001 1567
-188000 -187001 1533
-187000 -186001 1512
-186000 -185001 1518
-185000 -184001 1582
-184000 -183001 1584
-183000 -182001 1539
-182000 -181001 1562
-181000 -180001 1575
-180000 -179001 1563
-179000 -178001 1520
-178000 -177001 1563
-177000 -176001 1490
-176000 -175001 1460
-175000 -174001 1534
-174000 -173001 1564
-173000 -172001 1552
-172000 -171001 1542
-171000 -170001 1545
-170000 -169001 1479
-169000 -168001 1567
-168000 -167001 1563
-167000 -166001 1579
-166000 -165001 1589
-165000 -164001 1558
-164000 -163001 1513
-163000 -162001 1490
-162000 -161001 1488
-161000 -160001 1505
-160000 -159001 1493
-159000 -158001 1507
-158000 -157001 1537
-157000 -156001 1509
-156000 -155001 1561
-155000 -154001 1603
-154000 -153001 1550
-153000 -152001 1562
-152000 -151001 1522
-151000 -150001 1514
-150000 -149001 1525
-149000 -148001 1456
-148000 -147001 1500
-147000 -146001 1521
-146000 -145001 1488
-145000 -144001 1517
-144000 -143001 1473
-143000 -142001 1564
-142000 -141001 1611
-141000 -140001 1521
-140000 -139001 1554
-139000 -138001 1567
-138000 -137001 1608
-137000 -136001 1630
-136000 -135001 1585
-135000 -134001 1540
-134000 -133001 1562
-133000 -132001 1555
-132000 -131001 1506
-131000 -130001 1557
-130000 -129001 1519
-129000 -128001 1575
-128000 -127001 1608
-127000 -126001 1616
-126000 -125001 1624
-125000 -124001 1523
-124000 -123001 1552
-123000 -122001 1529
-122000 -121001 1600
-121000 -120001 1604
-120000 -119001 1580
-119000 -118001 1584
-118000 -117001 1571
-117000 -116001 1601
-116000 -115001 1623
-115000 -114001 1551
-114000 -113001 1579
-113000 -112001 1561
-112000 -111001 1551
-111000 -110001 1542
-110000 -109001 1569
-109000 -108001 1602
-108000 -107001 1557
-107000 -106001 1524
-106000 -105001 1586
-105000 -104001 1607
-104000 -103001 1603
-103000 -102001 1597
-102000 -101001 1585
-101000 -100001 1627
-100000 -99001 1608
-99000 -98001 1612
-98000 -97001 1662
-97000 -96001 1615
-96000 -95001 1628
-95000 -94001 1618
-94000 -93001 1609
-93000 -92001 1583
-92000 -91001 1577
-91000 -90001 1584
-90000 -89001 1591
-89000 -88001 1581
-88000 -87001 1593
-87000 -86001 1601
-86000 -85001 1639
-85000 -84001 1599
-84000 -83001 1592
-83000 -82001 1588
-82000 -81001 1662
-81000 -80001 1643
-80000 -79001 1621
-79000 -78001 1580
-78000 -77001 1657
-77000 -76001 1627
-76000 -75001 1644
-75000 -74001 1585
-74000 -73001 1602
-73000 -72001 1556
-72000 -71001 1637
-71000 -70001 1658
-70000 -69001 1662
-69000 -68001 1640
-68000 -67001 1659
-67000 -66001 1658
-66000 -65001 1662
-65000 -64001 1633
-64000 -63001 1651
-63000 -62001 1655
-62000 -61001 1687
-61000 -60001 1644
-60000 -59001 1631
-59000 -58001 1662
-58000 -57001 1719
-57000 -56001 1723
-56000 -55001 1710
-55000 -54001 1708
-54000 -53001 1762
-53000 -52001 1674
-52000 -51001 1688
-51000 -50001 1712
-50000 -49001 1740
-49000 -48001 1749
-48000 -47001 1734
-47000 -46001 1752
-46000 -45001 1721
-45000 -44001 1758
-44000 -43001 1779
-43000 -42001 1764
-42000 -41001 1694
-41000 -40001 1682
-40000 -39001 1749
-39000 -38001 1683
-38000 -37001 1742
-37000 -36001 1804
-36000 -35001 1802
-35000 -34001 1771
-34000 -33001 1779
-33000 -32001 1777
-32000 -31001 1818
-31000 -30001 1818
-30000 -29001 1783
-29000 -28001 1772
-28000 -27001 1806
-27000 -26001 1807
-26000 -25001 1806
-25000 -24001 1787
-24000 -23001 1814
-23000 -22001 1828
-22000 -21001 1840
-21000 -20001 1796
-20000 -19001 1799
-19000 -18001 1853
-18000 -17001 1831
-17000 -16001 1882
-16000 -15001 1912
-15000 -14001 1965
-14000 -13001 1991
-13000 -12001 1986
-12000 -11001 1920
-11000 -10001 2011
-10000 -9001 1934
-9000 -8001 1963
-8000 -7001 2069
-7000 -6001 2046
-6000 -5001 2057
-5000 -4001 2098
-4000 -3001 2180
-3000 -2001 2309
-2000 -1001 2579
-1000 -1 3223
0 999 3204
1000 1999 2519
2000 2999 2254
3000 3999 2169
4000 4999 2113
5000 5999 2078
6000 6999 2007
7000 7999 1995
8000 8999 1988
9000 9999 1941
10000 10999 1882
11000 11999 1824
12000 12999 1802
13000 13999 1869
14000 14999 1819
15000 15999 1850
16000 16999 1805
17000 17999 1785
18000 18999 1768
19000 19999 1708
20000 20999 1741
21000 21999 1767
22000 22999 1785
23000 23999 1768
24000 24999 1699
25000 25999 1744
26000 26999 1747
27000 27999 1700
28000 28999 1743
29000 29999 1774
30000 30999 1774
31000 31999 1760
32000 32999 1714
33000 33999 1700
34000 34999 1663
35000 35999 1693
36000 36999 1707
37000 37999 1701
38000 38999 1676
39000 39999 1721
40000 40999 1752
41000 41999 1719
42000 42999 1671
43000 43999 1662
44000 44999 1656
45000 45999 1662
46000 46999 1613
47000 47999 1593
48000 48999 1666
49000 49999 1669
50000 50999 1636
51000 51999 1732
52000 52999 1738
53000 53999 1705
54000 54999 1670
55000 55999 1692
56000 56999 1726
57000 57999 1707
58000 58999 1706
59000 59999 1686
60000 60999 1655
61000 61999 1628
62000 62999 1605
63000 63999 1663
64000 64999 1736
65000 65999 1701
66000 66999 1705
67000 67999 1665
68000 68999 1691
69000 69999 1620
70000 70999 1594
71000 71999 1625
72000 72999 1591
73000 73999 1624
74000 74999 1605
75000 75999 1642
76000 76999 1635
77000 77999 1557
78000 78999 1581
79000 79999 1653
80000 80999 1649
81000 81999 1660
82000 82999 1605
83000 83999 1571
84000 84999 1613
85000 85999 1640
86000 86999 1597
87000 87999 1580
88000 88999 1639
89000 89999 1600
90000 90999 1580
91000 91999 1584
92000 92999 1637
93000 93999 1592
94000 94999 1602
95000 95999 1612
96000 96999 1599
97000 97999 1564
98000 98999 1639
99000 99999 1605
100000 100999 1575
101000 101999 1560
102000 102999 1545
103000 103999 1587
104000 104999 1672
105000 105999 1623
106000 106999 1569
107000 107999 1551
108000 108999 1572
109000 109999 1616
110000 110999 1561
111000 111999 1558
112000 112999 1566
113000 113999 1566
114000 114999 1570
115000 115999 1642
116000 116999 1599
117000 117999 1567
118000 118999 1556
119000 119999 1588
120000 120999 1536
121000 121999 1555
122000 122999 1585
123000 123999 1577
124000 124999 1549
125000 125999 1540
126000 126999 1568
127000 127999 1537
128000 128999 1548
129000 129999 1571
130000 130999 1466
131000 131999 1481
132000 132999 1512
133000 133999 1581
134000 134999 1584
135000 135999 1587
136000 136999 1534
137000 137999 1581
138000 138999 1587
139000 139999 1518
140000 140999 1528
141000 141999 1540
142000 142999 1536
143000 143999 1557
144000 144999 1553
145000 145999 1545
146000 146999 1569
147000 147999 1587
148000 148999 1541
149000 149999 1498
150000 150999 1509
151000 151999 1519
152000 152999 1507
153000 153999 1548
154000 154999 1519
155000 155999 1551
156000 156999 1526
157000 157999 1549
158000 158999 1504
159000 159999 1471
160000 160999 1486
161000 161999 1543
162000 162999 1495
163000 163999 1547
164000 164999 1573
165000 165999 1532
166000 166999 1512
167000 167999 1537
168000 168999 1527
169000 169999 1523
170000 170999 1600
171000 171999 1611
172000 172999 1549
173000 173999 1491
174000 174999 1500
175000 175999 1468
176000 176999 1486
177000 177999 1506
178000 178999 1532
179000 179999 1520
180000 180999 1515
181000 181999 1542
182000 182999 1549
183000 183999 1573
184000 184999 1563
185000 185999 1555
186000 186999 1537
187000 187999 1579
188000 188999 1567
189000 189999 1577
190000 190999 1543
191000 191999 1557
192000 192999 1602
193000 193999 1583
194000 194999 1550
195000 195999 1537
196000 196999 1499
197000 197999 1545
198000 198999 1507
199000 199999 1560
200000 200999 1553
201000 201999 1499
202000 202999 1480
203000 203999 1469
204000 204999 1583
205000 205999 1552
206000 206999 1509
207000 207999 1545
208000 208999 1517
209000 209999 1518
210000 210999 1570
211000 211999 1565
212000 212999 1539
213000 213999 1533
214000 214999 1557
215000 215999 1579
216000 216999 1495
217000 217999 1499
218000 218999 1494
219000 219999 1466
220000 220999 1449
221000 221999 1512
222000 222999 1525
223000 223999 1532
224000 224999 1467
225000 225999 1462
226000 226999 1518
227000 227999 1546
228000 228999 1468
229000 229999 1443
230000 230999 1449
231000 231999 1507
232000 232999 1488
233000 233999 1496
234000 234999 1489
235000 235999 1515
236000 236999 1521
237000 237999 1498
238000 238999 1497
239000 239999 1513
240000 240999 1547
241000 241999 1514
242000 242999 1464
243000 243999 1491
244000 244999 1506
245000 245999 1504
246000 246999 1523
247000 247999 1471
248000 248999 1455
249000 249999 1472
250000 250999 1475
251000 251999 1458
252000 252999 1438
253000 253999 1486
254000 254999 1539
255000 255999 1533
256000 256999 1520
257000 257999 1535
258000 258999 1519
259000 259999 1458
260000 260999 1469
261000 261999 1450
262000 262999 1465
263000 263999 1493
264000 264999 1457
265000 265999 1442
266000 266999 1481
267000 267999 1522
268000 268999 1520
269000 269999 1522
270000 270999 1537
271000 271999 1540
272000 272999 1591
273000 273999 1567
274000 274999 1524
275000 275999 1483
276000 276999 1471
277000 277999 1475
278000 278999 1455
279000 279999 1483
280000 280999 1500
281000 281999 1471
282000 282999 1475
283000 283999 1441
284000 284999 1447
285000 285999 1474
286000 286999 1481
287000 287999 1442
288000 288999 1438
289000 289999 1429
290000 290999 1486
291000 291999 1432
292000 292999 1467
293000 293999 1510
294000 294999 1490
295000 295999 1464
296000 296999 1440
297000 297999 1454
298000 298999 1457
299000 299999 1451
300000 300999 1470
301000 301999 1517
302000 302999 1514
303000 303999 1462
304000 304999 1472
305000 305999 1417
306000 306999 1477
307000 307999 1489
308000 308999 1463
309000 309999 1442
310000 310999 1471
311000 311999 1427
312000 312999 1456
313000 313999 1467
314000 314999 1531
315000 315999 1466
316000 316999 1465
317000 317999 1470
318000 318999 1483
319000 319999 1446
320000 320999 1450
321000 321999 1430
322000 322999 1437
323000 323999 1433
324000 324999 1475
325000 325999 1478
326000 326999 1464
327000 327999 1528
328000 328999 1503
329000 329999 1504
330000 330999 1496
331000 331999 1546
332000 332999 1510
333000 333999 1498
334000 334999 1416
335000 335999 1430
336000 336999 1468
337000 337999 1465
338000 338999 1491
339000 339999 1447
340000 340999 1437
341000 341999 1429
342000 342999 1423
343000 343999 1386
344000 344999 1333
345000 345999 1371
346000 346999 1410
347000 347999 1432
348000 348999 1388
349000 349999 1430
350000 350999 1478
351000 351999 1484
352000 352999 1431
353000 353999 1448
354000 354999 1476
355000 355999 1465
356000 356999 1467
357000 357999 1479
358000 358999 1468
359000 359999 1418
360000 360999 1462
361000 361999 1405
362000 362999 1463
363000 363999 1505
364000 364999 1514
365000 365999 1477
366000 366999 1433
367000 367999 1421
368000 368999 1475
369000 369999 1444
370000 370999 1451
371000 371999 1421
372000 372999 1463
373000 373999 1475
374000 374999 1497
375000 375999 1461
376000 376999 1482
377000 377999 1472
378000 378999 1481
379000 379999 1503
380000 380999 1465
381000 381999 1455
382000 382999 1437
383000 383999 1434
384000 384999 1462
385000 385999 1511
386000 386999 1465
387000 387999 1422
388000 388999 1391
389000 389999 1437
390000 390999 1431
391000 391999 1438
392000 392999 1401
393000 393999 1412
394000 394999 1435
395000 395999 1452
396000 396999 1467
397000 397999 1450
398000 398999 1489
399000 399999 1497
400000 400999 1493
401000 401999 1477
402000 402999 1467
403000 403999 1474
404000 404999 1457
405000 405999 1452
406000 406999 1414
407000 407999 1458
408000 408999 1484
409000 409999 1477
410000 410999 1380
411000 411999 1440
412000 412999 1399
413000 413999 1413
414000 414999 1406
415000 415999 1464
416000 416999 1476
417000 417999 1404
418000 418999 1430
419000 419999 1423
420000 420999 1449
421000 421999 1452
422000 422999 1445
423000 423999 1480
424000 424999 1479
425000 425999 1450
426000 426999 1437
427000 427999 1454
428000 428999 1406
429000 429999 1454
430000 430999 1449
431000 431999 1461
432000 432999 1518
433000 433999 1496
434000 434999 1485
435000 435999 1486
436000 436999 1469
437000 437999 1509
438000 438999 1451
439000 439999 1443
440000 440999 1480
441000 441999 1470
442000 442999 1491
443000 443999 1447
444000 444999 1474
445000 445999 1471
446000 446999 1457
447000 447999 1412
448000 448999 1402
449000 449999 1452
450000 450999 1496
451000 451999 1416
452000 452999 1385
453000 453999 1389
454000 454999 1447
455000 455999 1433
456000 456999 1446
457000 457999 1448
458000 458999 1466
459000 459999 1460
460000 460999 1414
461000 461999 1413
462000 462999 1425
463000 463999 1459
464000 464999 1457
465000 465999 1454
466000 466999 1467
467000 467999 1480
468000 468999 1434
469000 469999 1462
470000 470999 1453
471000 471999 1414
472000 472999 1428
473000 473999 1442
474000 474999 1418
475000 475999 1462
476000 476999 1438
477000 477999 1445
478000 478999 1430
479000 479999 1428
480000 480999 1432
481000 481999 1417
482000 482999 1411
483000 483999 1451
484000 484999 1437
485000 485999 1412
486000 486999 1384
487000 487999 1342
488000 488999 1420
489000 489999 1469
490000 490999 1475
491000 491999 1459
492000 492999 1433
493000 493999 1399
494000 494999 1403
495000 495999 1449
496000 496999 1416
497000 497999 1409
498000 498999 1430
499000 499999 1444
500000 500999 1392
501000 501999 1410
502000 502999 1447
503000 503999 1457
504000 504999 1443
505000 505999 1453
506000 506999 1446
507000 507999 1444
508000 508999 1477
509000 509999 1452
510000 510999 1416
511000 511999 1385
512000 512999 1407
513000 513999 1412
514000 514999 1415
515000 515999 1384
516000 516999 1375
517000 517999 1397
518000 518999 1433
519000 519999 1423
520000 520999 1442
521000 521999 1390
522000 522999 1437
523000 523999 1456
524000 524999 1462
525000 525999 1405
526000 526999 1381
527000 527999 1441
528000 528999 1420
529000 529999 1385
530000 530999 1404
531000 531999 1358
532000 532999 1397
533000 533999 1417
534000 534999 1405
535000 535999 1423
536000 536999 1442
537000 537999 1409
538000 538999 1411
539000 539999 1437
540000 540999 1431
541000 541999 1396
542000 542999 1407
543000 543999 1407
544000 544999 1457
545000 545999 1453
546000 546999 1398
547000 547999 1444
548000 548999 1408
549000 549999 1403
550000 550999 1404
551000 551999 1368
552000 552999 1377
553000 553999 1389
554000 554999 1397
555000 555999 1409
556000 556999 1396
557000 557999 1433
558000 558999 1425
559000 559999 1438
560000 560999 1384
561000 561999 1376
562000 562999 1395
563000 563999 1386
564000 564999 1409
565000 565999 1463
566000 566999 1463
567000 567999 1467
568000 568999 1434
569000 569999 1418
570000 570999 1409
571000 571999 1436
572000 572999 1419
573000 573999 1441
574000 574999 1470
575000 575999 1449
576000 576999 1453
577000 577999 1452
578000 578999 1424
579000 579999 1395
580000 580999 1381
581000 581999 1458
582000 582999 1440
583000 583999 1404
584000 584999 1432
585000 585999 1449
586000 586999 1368
587000 587999 1413
588000 588999 1430
589000 589999 1443
590000 590999 1411
591000 591999 1407
592000 592999 1406
593000 593999 1428
594000 594999 1411
595000 595999 1409
596000 596999 1386
597000 597999 1412
598000 598999 1419
599000 599999 1445
600000 600999 1443
601000 601999 1426
602000 602999 1415
603000 603999 1430
604000 604999 1428
605000 605999 1394
606000 606999 1403
607000 607999 1344
608000 608999 1356
609000 609999 1389
610000 610999 1413
611000 611999 1421
612000 612999 1339
613000 613999 1346
614000 614999 1356
615000 615999 1423
616000 616999 1389
617000 617999 1416
618000 618999 1376
619000 619999 1425
620000 620999 1422
621000 621999 1400
622000 622999 1410
623000 623999 1400
624000 624999 1410
625000 625999 1364
626000 626999 1376
627000 627999 1413
628000 628999 1428
629000 629999 1415
630000 630999 1342
631000 631999 1376
632000 632999 1356
633000 633999 1375
634000 634999 1408
635000 635999 1402
636000 636999 1431
637000 637999 1426
638000 638999 1381
639000 639999 1390
640000 640999 1390
641000 641999 1452
642000 642999 1387
643000 643999 1315
644000 644999 1405
645000 645999 1440
646000 646999 1374
647000 647999 1397
648000 648999 1446
649000 649999 1410
650000 650999 1411
651000 651999 1387
652000 652999 1399
653000 653999 1382
654000 654999 1373
655000 655999 1363
656000 656999 1408
657000 657999 1382
658000 658999 1357
659000 659999 1401
660000 660999 1328
661000 661999 1311
662000 662999 1383
663000 663999 1402
664000 664999 1430
665000 665999 1382
666000 666999 1352
667000 667999 1347
668000 668999 1356
669000 669999 1403
670000 670999 1325
671000 671999 1328
672000 672999 1350
673000 673999 1343
674000 674999 1370
675000 675999 1398
676000 676999 1376
677000 677999 1411
678000 678999 1406
679000 679999 1428
680000 680999 1436
681000 681999 1447
682000 682999 1395
683000 683999 1386
684000 684999 1416
685000 685999 1491
686000 686999 1405
687000 687999 1415
688000 688999 1432
689000 689999 1441
690000 690999 1406
691000 691999 1402
692000 692999 1368
693000 693999 1369
694000 694999 1422
695000 695999 1377
696000 696999 1376
697000 697999 1403
698000 698999 1387
699000 699999 1401
700000 700999 1355
701000 701999 1307
702000 702999 1334
703000 703999 1367
704000 704999 1352
705000 705999 1344
706000 706999 1391
707000 707999 1410
708000 708999 1369
709000 709999 1342
710000 710999 1355
711000 711999 1345
712000 712999 1333
713000 713999 1386
714000 714999 1419
715000 715999 1398
716000 716999 1395
717000 717999 1398
718000 718999 1403
719000 719999 1387
720000 720999 1360
721000 721999 1401
722000 722999 1323
723000 723999 1378
724000 724999 1375
725000 725999 1360
726000 726999 1384
727000 727999 1337
728000 728999 1390
729000 729999 1378
730000 730999 1356
731000 731999 1404
732000 732999 1426
733000 733999 1399
734000 734999 1401
735000 735999 1367
736000 736999 1369
737000 737999 1331
738000 738999 1343
739000 739999 1388
740000 740999 1336
741000 741999 1327
742000 742999 1306
743000 743999 1370
744000 744999 1337
745000 745999 1371
746000 746999 1335
747000 747999 1327
748000 748999 1374
749000 749999 1403
750000 750999 1346
751000 751999 1373
752000 752999 1368
753000 753999 1343
754000 754999 1365
755000 755999 1313
756000 756999 1340
757000 757999 1313
758000 758999 1325
759000 759999 1339
760000 760999 1378
761000 761999 1388
762000 762999 1377
763000 763999 1392
764000 764999 1339
765000 765999 1313
766000 766999 1297
767000 767999 1329
768000 768999 1347
769000 769999 1344
770000 770999 1400
771000 771999 1364
772000 772999 1404
773000 773999 1345
774000 774999 1340
775000 775999 1367
776000 776999 1356
777000 777999 1400
778000 778999 1391
779000 779999 1371
780000 780999 1369
781000 781999 1397
782000 782999 1430
783000 783999 1410
784000 784999 1392
785000 785999 1334
786000 786999 1380
787000 787999 1387
788000 788999 1365
789000 789999 1396
790000 790999 1350
791000 791999 1326
792000 792999 1319
793000 793999 1352
794000 794999 1345
795000 795999 1369
796000 796999 1356
797000 797999 1314
798000 798999 1343
799000 799999 1364
800000 800999 1371
801000 801999 1325
802000 802999 1368
803000 803999 1333
804000 804999 1319
805000 805999 1381
806000 806999 1387
807000 807999 1362
808000 808999 1374
809000 809999 1310
810000 810999 1307
811000 811999 1355
812000 812999 1333
813000 813999 1337
814000 814999 1288
815000 815999 1292
816000 816999 1285
817000 817999 1310
818000 818999 1290
819000 819999 1300
820000 820999 1289
821000 821999 1322
822000 822999 1343
823000 823999 1357
824000 824999 1339
825000 825999 1369
826000 826999 1375
827000 827999 1348
828000 828999 1327
829000 829999 1319
830000 830999 1311
831000 831999 1348
832000 832999 1336
833000 833999 1380
834000 834999 1373
835000 835999 1372
836000 836999 1378
837000 837999 1350
838000 838999 1337
839000 839999 1347
840000 840999 1397
841000 841999 1344
842000 842999 1327
843000 843999 1360
844000 844999 1430
845000 845999 1341
846000 846999 1378
847000 847999 1354
848000 848999 1366
849000 849999 1371
850000 850999 1340
851000 851999 1310
852000 852999 1370
853000 853999 1421
854000 854999 1380
855000 855999 1335
856000 856999 1353
857000 857999 1348
858000 858999 1315
859000 859999 1294
860000 860999 1362
861000 861999 1345
862000 862999 1299
863000 863999 1323
864000 864999 1275
865000 865999 1248
866000 866999 1314
867000 867999 1313
868000 868999 1325
869000 869999 1332
870000 870999 1359
871000 871999 1394
872000 872999 1382
873000 873999 1376
874000 874999 1341
875000 875999 1334
876000 876999 1289
877000 877999 1306
878000 878999 1364
879000 879999 1332
880000 880999 1352
881000 881999 1324
882000 882999 1329
883000 883999 1349
884000 884999 1405
885000 885999 1417
886000 886999 1348
887000 887999 1362
888000 888999 1356
889000 889999 1343
890000 890999 1383
891000 891999 1388
892000 892999 1326
893000 893999 1319
894000 894999 1365
895000 895999 1362
896000 896999 1332
897000 897999 1313
898000 898999 1344
899000 899999 1359
900000 900999 1341
901000 901999 1336
902000 902999 1325
903000 903999 1292
904000 904999 1310
905000 905999 1334
906000 906999 1347
907000 907999 1265
908000 908999 1268
909000 909999 1308
910000 910999 1298
911000 911999 1304
912000 912999 1289
913000 913999 1319
914000 914999 1348
915000 915999 1363
916000 916999 1398
917000 917999 1329
918000 918999 1357
919000 919999 1372
920000 920999 1380
921000 921999 1358
922000 922999 1340
923000 923999 1376
924000 924999 1323
925000 925999 1290
926000 926999 1365
927000 927999 1386
928000 928999 1382
929000 929999 1324
930000 930999 1346
931000 931999 1367
932000 932999 1413
933000 933999 1339
934000 934999 1337
935000 935999 1360
936000 936999 1350
937000 937999 1385
938000 938999 1340
939000 939999 1334
940000 940999 1342
941000 941999 1324
942000 942999 1333
943000 943999 1336
944000 944999 1382
945000 945999 1352
946000 946999 1331
947000 947999 1345
948000 948999 1347
949000 949999 1303
950000 950999 1339
951000 951999 1343
952000 952999 1363
953000 953999 1383
954000 954999 1371
955000 955999 1357
956000 956999 1313
957000 957999 1338
958000 958999 1336
959000 959999 1371
960000 960999 1329
961000 961999 1373
962000 962999 1391
963000 963999 1344
964000 964999 1305
965000 965999 1300
966000 966999 1314
967000 967999 1342
968000 968999 1366
969000 969999 1372
970000 970999 1368
971000 971999 1386
972000 972999 1330
973000 973999 1334
974000 974999 1323
975000 975999 1344
976000 976999 1344
977000 977999 1360
978000 978999 1346
979000 979999 1386
980000 980999 1351
981000 981999 1368
982000 982999 1356
983000 983999 1327
984000 984999 1325
985000 985999 1342
986000 986999 1299
987000 987999 1287
988000 988999 1312
989000 989999 1313
990000 990999 1279
991000 991999 1272
992000 992999 1301
993000 993999 1303
994000 994999 1346
995000 995999 1354
996000 996999 1361
997000 997999 1330
998000 998999 1332
999000 999999 1323
