ENSG00000182057.4 chr22 42665759 42665759 + 4424 6365 22_42672124 chr22 42672124 42672124 356 302.548 0.97086 224.377 3.49702e-12 0.0789603 0.00497512 5.3946e-08 6.62820490107608e-08 0.000127560367920276
ENSG00000233903.2 chr22 42672361 42672361 + 4437 -18034 22_42654327 chr22 42654327 42654327 356 265.731 1.10603 158.943 2.65466e-06 0.188152 0.00995025 0.0045075 0.00318798319175794 0.00011098991774916
ENSG00000273366.1 chr22 42674194 42674194 + 4438 -10320 22_42663874 chr22 42663874 42663874 356 300.01 1.05908 277.337 5.52988e-17 -0.15667 0.00497512 8.64849e-13 1.7753487546427e-12 0.000124636238923559
ENSG00000100207.14 chr22 42739622 42739622 - 4503 135808 22_42603814 chr22 42603814 42603814 356 283.635 1.03798 210.451 1.76333e-05 -0.192727 0.0199005 0.0227029 0.0144209113429738 0.000104261380763138
ENSG00000230107.1 chr22 42834029 42834029 + 4571 9822 22_42843851 chr22 42843851 42843851 356 327.753 0.941753 384.686 5.66749e-27 0.543679 0.00497512 4.19423e-21 1.64187855831151e-20 0.000117787407148962
ENSG00000172250.10 chr22 42896585 42896585 + 4670 16319 22_42912904 chr22 42912904 42912904 356 337.001 0.99434 454.33 1.28262e-50 0.807469 0.00497512 4.25581e-45 6.51248581225444e-44 0.000145260416884119
ENSG00000189306.6 chr22 42915808 42915808 - 4684 -27673 22_42943481 chr22 42943481 42943481 356 289.111 0.997949 247.162 4.40335e-25 2.90535 0.00497512 3.08992e-18 8.88961943003948e-18 8.70355790767441e-05
ENSG00000183569.13 chr22 42949623 42949623 + 4705 -44446 22_42905177 chr22 42905177 42905177 356 265.001 0.963585 189.279 8.25833e-09 -0.102153 0.00497512 0.000177371 0.000151556173974972 5.15598513375348e-05
ENSG00000182841.8 chr22 42978007 42978007 - 4731 -992 22_42978999 chr22 42978999 42978999 356 285.321 1.03286 280.529 1.21493e-15 -0.504461 0.00497512 1.04861e-10 1.68105506910876e-10 7.53915019844342e-05
ENSG00000100227.13 chr22 43010968 43010968 - 4775 133842 22_42877126 chr22 42877126 42877126 356 293.613 1.13965 278.513 4.05122e-08 0.465259 0.00497512 4.85644e-05 4.49162907223475e-05 0.00013271275317317
ENSG00000100243.16 chr22 43045574 43045574 - 4840 96689 22_42948885 chr22 42948885 42948885 356 312.439 0.838072 292.133 1.20273e-07 -1.15548 0.00497512 0.000870574 0.000672212282734883 7.23540642491027e-05
ENSG00000128274.11 chr22 43117304 43117304 - 4931 1728 22_43115576 chr22 43115576 43115576 356 250.052 1.18379 168.102 1.6734e-19 -1.40375 0.00497512 5.10826e-14 1.22837847731647e-13 8.02087128141116e-05
ENSG00000242247.6 chr22 43254112 43254112 - 5058 -119458 22_43373570 chr22 43373570 43373570 356 291.979 1.03741 294.317 4.97094e-13 -0.864459 0.00497512 8.94462e-09 1.16715740356349e-08 8.72795872975951e-05
ENSG00000100266.13 chr22 43411151 43411151 - 5283 1162 22_43409989 chr22 43409989 43409989 356 262.95 1.0335 211.155 1.97275e-57 3.86909 0.00497512 6.99501e-42 9.81215360486326e-41 5.45268123095521e-05
ENSG00000100271.12 chr22 43485434 43485434 - 5373 71104 22_43414330 chr22 43414330 43414330 356 285.913 1.13231 325.203 1.51471e-08 -0.143879 0.00497512 3.69183e-05 3.47172972775356e-05 8.71465101641711e-05
ENSG00000100290.2 chr22 43506754 43506754 + 5415 8949 22_43515703 chr22 43515703 43515703 356 294.743 0.984833 422.583 9.61517e-16 -1.4948 0.00497512 1.64343e-10 2.49221483234793e-10 5.1167370290317e-05
ENSG00000100294.8 chr22 43539400 43539400 - 5402 11149 22_43528251 chr22 43528251 43528251 356 326.588 0.975081 527.021 2.72158e-10 0.253903 0.00497512 1.11537e-06 1.22711361006409e-06 9.10265140605659e-05
ENSG00000100300.13 chr22 43547520 43547520 + 5407 635 22_43548155 chr22 43548155 43548155 356 307.259 1.01684 433.695 7.52958e-17 -3.33789 0.00497512 2.63139e-12 5.03338084921208e-12 7.86212522634333e-05
ENSG00000100304.12 chr22 43583139 43583139 - 5481 -459 22_43583598 chr22 43583598 43583598 356 285.009 1.04973 300.15 2.01225e-31 -1.92655 0.00497512 4.05329e-24 2.00671642239032e-23 7.26931640742112e-05
ENSG00000186976.10 chr22 44208217 44208217 - 6121 -45747 22_44253964 chr22 44253964 44253964 356 288.607 0.972231 394.798 1.58217e-06 -0.00891814 0.00995025 0.00710341 0.0049205976329632 4.41643870647823e-05
ENSG00000261251.1 chr22 44208336 44208336 + 6122 -157738 22_44050598 chr22 44050598 44050598 356 307.937 0.935282 506.809 1.54391e-05 0.0314831 0.0547264 0.0375556 0.0221037477788918 5.05365638874267e-05
ENSG00000100344.6 chr22 44319619 44319619 + 6368 91391 22_44411010 chr22 44411010 44411010 356 262.15 1.0671 376.786 8.1762e-07 -0.130784 0.00995025 0.00618058 0.00431687461143833 2.75972409160552e-05
ENSG00000100347.10 chr22 44351301 44351301 + 6398 6599 22_44357900 chr22 44357900 44357900 356 323.407 0.962773 790.172 5.27798e-58 -0.910362 0.00497512 4.08617e-48 8.5977277435452e-47 5.17610315780015e-05
ENSG00000188677.10 chr22 44395091 44395091 + 6390 94777 22_44489868 chr22 44489868 44489868 356 325.65 0.904143 833.708 2.42851e-07 -0.768596 0.00995025 0.00137952 0.00102296173465287 4.21437316165951e-05
ENSG00000138964.12 chr22 44568836 44568836 + 6524 2992 22_44571828 chr22 44571828 44571828 356 352.002 0.932174 1294.69 1.76854e-08 0.494245 0.00497512 5.76361e-05 5.24421033930335e-05 5.76537543414135e-05
ENSG00000226328.2 chr22 45559662 45559662 - 6297 6203 22_45553459 chr22 45553459 45553459 356 349.29 0.970544 1242.81 3.54528e-16 -0.277732 0.00497512 1.9125e-12 3.74334829369248e-12 6.35765665603083e-05
ENSG00000093000.14 chr22 45559722 45559722 + 6297 919 22_45560641 chr22 45560641 45560641 356 332.811 1.06592 1126.28 2.75113e-14 -0.442279 0.00497512 4.73199e-11 7.96528029038018e-11 6.17873016367509e-05
ENSG00000187860.6 chr22 30752624 30752624 + 3723 -283 22_30752341 chr22 30752341 30752341 356 244.993 1.24881 113.233 1.29491e-06 -0.0407158 0.00497512 0.0017155 0.00126099244527404 0.000143829825547837
ENSG00000099995.14 chr22 30752936 30752936 - 3723 -67614 22_30820550 chr22 30820550 30820550 356 317.793 0.978881 241.367 3.74958e-05 -0.456983 0.039801 0.0256203 0.0159726763318218 0.000175702077338524
ENSG00000100003.13 chr22 30792846 30792846 + 3705 68 22_30792914 chr22 30792914 30792914 356 266.965 1.0786 134.98 7.1906e-08 -0.0749133 0.00497512 0.000220072 0.000184300272569951 0.000130437645173842
ENSG00000249590.3 chr22 30805244 30805244 + 3693 61227 22_30866471 chr22 30866471 30866471 356 289.928 1.01327 197.263 3.4887e-07 2.05557 0.00497512 0.000764502 0.000602731876823062 0.000123492252405377
ENSG00000272689.1 chr22 30817525 30817525 - 3660 -266743 22_31084268 chr22 31084268 31084268 356 301.018 0.95321 189.348 2.25027e-05 0.136949 0.0298507 0.0224555 0.0143722322212281 0.000140366691598115
ENSG00000099999.10 chr22 30817760 30817760 - 3659 -2790 22_30820550 chr22 30820550 30820550 356 272.302 1.0384 129.053 2.90463e-05 -0.0704765 0.0199005 0.0280922 0.017258078237683 0.000140571392104105
ENSG00000242114.1 chr22 30821518 30821518 + 3656 44953 22_30866471 chr22 30866471 30866471 356 260.673 1.02365 126.783 1.68766e-07 2.01714 0.00497512 0.000813995 0.000633096855374039 9.67242872862428e-05
ENSG00000185339.4 chr22 31002825 31002825 + 3463 6995 22_31009820 chr22 31009820 31009820 356 241.934 1.07372 92.6497 1.1371e-11 -0.739915 0.00497512 7.57978e-07 8.56303219385897e-07 9.86233445070539e-05
ENSG00000100029.13 chr22 31003070 31003070 - 3464 9136 22_30993934 chr22 30993934 30993934 356 316.611 1.07553 209.556 3.77923e-29 -1.0846 0.00497512 1.54716e-25 8.68102923158093e-25 0.000269462756174343
ENSG00000100036.11 chr22 31031639 31031639 + 3475 5566 22_31037205 chr22 31037205 31037205 356 267.243 1.04917 145.131 2.34442e-08 -0.111532 0.00497512 0.000122669 0.000106436439857559 0.000108187723744102
ENSG00000250318.1 chr22 31050801 31050801 - 3460 -35479 22_31086280 chr22 31086280 31086280 356 266.096 1.2016 138.446 3.88821e-05 -0.0988146 0.0149254 0.0253622 0.0158705467086692 0.000179078032587432
ENSG00000167065.9 chr22 31063877 31063877 - 3452 -22403 22_31086280 chr22 31086280 31086280 356 280.628 1.07049 170.91 6.11715e-15 -0.108341 0.00497512 1.63795e-10 2.49221483234793e-10 0.000138250613621493
ENSG00000237977.1 chr22 31298206 31298206 + 3262 -995931 22_30302275 chr22 30302275 30302275 356 291.631 1.10346 177.237 0.000180721 -0.10628 0.0845771 0.0897987 0.0470893029482036 0.00019571489555914
ENSG00000198832.6 chr22 31516055 31516055 - 3456 8717 22_31507338 chr22 31507338 31507338 356 299.315 1.05194 175.13 1.66405e-07 0.1335 0.00497512 0.000179319 0.000152446817588146 0.000205695097029945
ENSG00000138942.11 chr22 31556168 31556168 + 3490 31554 22_31587722 chr22 31587722 31587722 356 289.059 1.12135 169.339 6.74411e-18 -0.543558 0.00497512 4.74056e-14 1.15647913467434e-13 0.000204147193749726
ENSG00000254835.1 chr22 31601602 31601602 - 3587 5855 22_31595747 chr22 31595747 31595747 356 309.675 0.939345 208.07 2.25524e-13 -1.92842 0.00497512 5.8215e-09 7.90260839084481e-09 0.000148761939316344
ENSG00000182541.13 chr22 31608225 31608225 + 3607 -31324 22_31576901 chr22 31576901 31576901 356 295.456 1.09806 193.476 1.41145e-05 -0.164761 0.00995025 0.00929761 0.00633623996716035 0.000190980562170595
ENSG00000185721.7 chr22 31795509 31795509 + 4013 201116 22_31996625 chr22 31996625 31996625 356 317.149 0.978037 282.377 1.03189e-05 0.383787 0.0149254 0.00991026 0.00669950855563472 0.000144856036614516
ENSG00000224623.1 chr22 31857650 31857650 + 4103 85259 22_31942909 chr22 31942909 31942909 356 308.145 0.985272 258.522 7.74905e-05 0.325714 0.0696517 0.062208 0.0345589751569203 0.000131283952505723
ENSG00000198089.10 chr22 31884674 31884674 + 4100 40399 22_31925073 chr22 31925073 31925073 356 236.58 1.39364 134.558 3.98879e-14 0.276063 0.00497512 1.35809e-10 2.1364956766944e-10 0.000125476515114964
ENSG00000237438.2 chr22 17517460 17517460 + 5095 25350 22_17542810 chr22 17542810 17542810 356 321.426 0.969422 579.806 1.1864e-25 -0.751804 0.00497512 6.1095e-20 2.09877959762787e-19 7.05835815919542e-05
ENSG00000273203.1 chr22 17548711 17548711 + 5170 -31323 22_17517388 chr22 17517388 17517388 356 334.602 1.02785 820.465 5.86611e-06 -0.140609 0.00995025 0.00792828 0.00546948452427471 8.12303266677361e-05
ENSG00000177663.9 chr22 17565844 17565844 + 5193 -52141 22_17513703 chr22 17513703 17513703 356 303.504 1.17257 558.531 8.03358e-14 -0.209617 0.00497512 9.28322e-11 1.50252791062825e-10 8.30360830745835e-05
ENSG00000183307.3 chr22 17602257 17602257 - 5230 14282 22_17587975 chr22 17587975 17587975 356 333.715 0.998121 739.37 1.56789e-07 -0.00776053 0.00497512 0.000287517 0.000236084194067915 8.11987628197564e-05
ENSG00000069998.8 chr22 17646177 17646177 - 5291 25748 22_17620429 chr22 17620429 17620429 356 275.413 1.07877 324.238 1.37287e-14 -1.51472 0.00497512 8.80216e-10 1.26637008124485e-09 5.42630726791948e-05
ENSG00000182902.9 chr22 18043139 18043139 + 5238 76622 22_18119761 chr22 18119761 18119761 356 310.092 1.01654 597.83 5.40023e-06 -0.0121382 0.00497512 0.0120114 0.00799153771527608 5.87496622166395e-05
ENSG00000131100.8 chr22 18111584 18111584 - 5272 33944 22_18077640 chr22 18077640 18077640 356 308.458 1.08057 593.093 3.70149e-34 -1.40042 0.00497512 3.53494e-29 2.28857918368679e-28 6.89023958095891e-05
ENSG00000015475.14 chr22 18257536 18257536 - 5381 -26380 22_18283916 chr22 18283916 18283916 356 340.425 1.02244 974.774 1.57872e-07 -0.837213 0.00497512 0.00023665 0.000197202485312625 7.69115194492187e-05
ENSG00000269220.1 chr22 18260088 18260088 + 5389 1456 22_18261544 chr22 18261544 18261544 356 344.058 0.964929 1134.53 1.14253e-12 -0.767205 0.00497512 6.21656e-09 8.37138588069135e-09 6.0348779121755e-05
ENSG00000093100.13 chr22 18294263 18294263 - 5397 -189125 22_18483388 chr22 18483388 18483388 356 322.347 0.949182 758.26 3.61624e-18 0.556313 0.00497512 4.79157e-13 1.00819628953614e-12 5.0251122672651e-05
ENSG00000243156.3 chr22 18507325 18507325 - 5030 23937 22_18483388 chr22 18483388 18483388 356 276.561 0.940613 366.144 1.2578e-15 0.200958 0.00497512 2.37831e-09 3.33614148371229e-09 2.92376793620264e-05
ENSG00000215193.8 chr22 18560689 18560689 + 4996 23031 22_18583720 chr22 18583720 18583720 356 290.867 1.11482 459.906 3.79053e-08 -0.958475 0.00497512 0.000114775 0.000100624403145794 6.26015994982243e-05
ENSG00000235617.1 chr22 18584378 18584378 + 5067 -59749 22_18524629 chr22 18524629 18524629 356 333.176 1.04892 889.837 4.18735e-05 0.116339 0.0646766 0.0545271 0.0306971783068965 7.64306276370696e-05
ENSG00000183785.10 chr22 18593097 18593097 + 5075 -29810 22_18563287 chr22 18563287 18563287 356 256.501 1.11036 279.605 1.02934e-05 2.15891 0.0447761 0.0338769 0.0202933893046976 3.92010818796029e-05
ENSG00000100033.12 chr22 18924066 18924066 - 4880 321 22_18923745 chr22 18923745 18923745 356 326.084 0.9917 713.669 5.75488e-06 0.0411504 0.0248756 0.0105378 0.00706697369650797 6.82128626863232e-05
ENSG00000273032.1 chr22 19005347 19005347 + 4810 95396 22_19100743 chr22 19100743 19100743 356 354.14 0.902368 931.761 6.2451e-09 -0.0135338 0.00497512 2.12856e-05 2.09530394583464e-05 7.64580979983887e-05
ENSG00000273311.1 chr22 19035888 19035888 - 4824 2923 22_19032965 chr22 19032965 19032965 356 335.575 1.02286 833.154 5.42584e-12 0.0705657 0.00497512 1.20016e-08 1.55395328153279e-08 8.06664886539021e-05
ENSG00000070413.14 chr22 19109967 19109967 - 4730 -19705 22_19129672 chr22 19129672 19129672 356 258.482 1.07074 338.288 1.47296e-06 0.217131 0.0149254 0.00986531 0.00669601319112644 2.83640360059234e-05
ENSG00000100056.7 chr22 19132197 19132197 - 4726 -128 22_19132325 chr22 19132325 19132325 356 288.503 1.01639 405.558 4.58307e-10 0.114591 0.00497512 6.72743e-06 6.99022922805926e-06 4.98407677980151e-05
ENSG00000100075.5 chr22 19166343 19166343 - 4791 -337 22_19166680 chr22 19166680 19166680 356 316.784 0.975679 572.302 1.72581e-39 -3.11245 0.00497512 8.70286e-32 5.89220566720846e-31 6.47144273522304e-05
ENSG00000070371.11 chr22 19279239 19279239 - 4848 18 22_19279221 chr22 19279221 19279221 356 292.431 0.907263 393.639 1.82719e-45 0.0329442 0.00497512 7.47845e-32 5.47319602623234e-31 3.86985707301335e-05
ENSG00000185608.4 chr22 19419425 19419425 + 4643 -76877 22_19342548 chr22 19342548 19342548 356 272.563 0.970902 292.167 1.83002e-22 1.49677 0.00497512 1.13168e-14 2.84319130732618e-14 3.85830030646961e-05
ENSG00000073150.9 chr22 50609160 50609160 + 5034 -71259 22_50537901 chr22 50537901 50537901 356 348.091 1.01359 954.317 6.60258e-08 0.202819 0.00497512 7.71487e-05 6.9076131518512e-05 9.19686606356551e-05
ENSG00000170638.5 chr22 50624344 50624344 + 4964 2447 22_50626791 chr22 50626791 50626791 356 307.902 1.10039 507.322 9.35973e-11 0.817225 0.00497512 2.04611e-07 2.39179377066018e-07 8.59316309647085e-05
ENSG00000073169.9 chr22 50639408 50639408 + 4874 -15326 22_50624082 chr22 50624082 50624082 356 272.528 1.06353 312.427 2.77627e-12 0.343026 0.00497512 1.14261e-07 1.36406841393079e-07 4.94033996820686e-05
ENSG00000273137.1 chr22 50647971 50647971 - 4854 853629 22_49794342 chr22 49794342 49794342 356 291.962 1.24738 436.89 4.11611e-05 -0.215688 0.0348259 0.0414215 0.0239601800702697 9.76855182130976e-05
ENSG00000188130.9 chr22 50700254 50700254 - 4558 -93 22_50700347 chr22 50700347 50700347 356 317.271 1.14757 655.982 2.25986e-09 -0.278047 0.00497512 1.89726e-06 2.03415687472603e-06 9.30888077661507e-05
ENSG00000227484.1 chr22 50753060 50753060 + 4322 274 22_50753334 chr22 50753334 50753334 356 312.352 0.926429 370.603 2.26339e-06 -0.149153 0.00995025 0.00547609 0.00384075478334238 7.88244168636876e-05
ENSG00000205593.7 chr22 50765489 50765489 - 4265 12155 22_50753334 chr22 50753334 50753334 356 316.367 1.03749 520.763 1.99046e-24 -0.635399 0.00497512 7.2575e-20 2.44328587792595e-19 8.66284873677348e-05
ENSG00000100239.11 chr22 50781733 50781733 + 4167 78381 22_50860114 chr22 50860114 50860114 356 288.781 1.12536 325.454 2.55439e-06 0.225319 0.00995025 0.00376896 0.0027112084882623 9.25510911907734e-05
ENSG00000100241.16 chr22 50913454 50913454 - 3586 31500 22_50881954 chr22 50881954 50881954 356 358.99 0.853779 605.868 4.93808e-08 -0.341051 0.00497512 0.000129814 0.000112058335040526 0.000110200719139253
ENSG00000128165.7 chr22 50919985 50919985 + 3573 206143 22_51126128 chr22 51126128 51126128 356 272.215 1.17271 235.951 8.83691e-05 0.119872 0.0895522 0.0877577 0.0461628378163241 9.84313629117661e-05
ENSG00000100258.13 chr22 50946135 50946135 - 3491 8166 22_50937969 chr22 50937969 50937969 356 351.811 0.892325 539.813 1.44386e-05 -0.361548 0.0149254 0.0151393 0.00995458305300669 0.000121361666052922
ENSG00000025770.14 chr22 50946645 50946645 + 3489 17320 22_50963965 chr22 50963965 50963965 356 285.826 1.06077 210.72 3.16145e-06 -0.302466 0.00497512 0.00448109 0.00318267699636058 0.000119239249391834
ENSG00000272821.1 chr22 50962355 50962355 + 3434 -1186 22_50961169 chr22 50961169 50961169 356 308.51 0.997683 262.557 2.1691e-14 -1.03408 0.00497512 3.17165e-10 4.75216231992187e-10 0.000135687751646074
ENSG00000130489.8 chr22 50964868 50964868 - 3422 3699 22_50961169 chr22 50961169 50961169 356 265.244 0.90813 155.712 8.91497e-10 -1.15214 0.00497512 5.4108e-05 4.9769999485295e-05 5.31142736035495e-05
ENSG00000025708.8 chr22 50968485 50968485 - 3416 4520 22_50963965 chr22 50963965 50963965 356 233.034 1.0825 129.797 3.27832e-13 2.04296 0.00497512 1.46185e-07 1.73289286005543e-07 4.5372958653811e-05
ENSG00000177989.9 chr22 50971009 50971009 - 3410 -257 22_50971266 chr22 50971266 50971266 356 250.191 0.929973 130.954 7.07935e-11 0.719259 0.00497512 1.45781e-05 1.46940562651448e-05 4.45606302454937e-05
ENSG00000273272.1 chr22 50981079 50981079 + 3390 -2817 22_50978262 chr22 50978262 50978262 356 275.83 0.934833 180.823 1.11618e-47 9.4835 0.00497512 8.1634e-33 6.87065791796787e-32 6.84578065888175e-05
ENSG00000272666.1 chr22 50981335 50981335 - 3388 3073 22_50978262 chr22 50978262 50978262 356 274.84 0.906504 184.048 8.86317e-48 7.85368 0.00497512 8.75106e-32 5.89220566720846e-31 5.7597587781677e-05
ENSG00000130487.4 chr22 50986462 50986462 + 3386 -5644 22_50980818 chr22 50980818 50980818 356 276.23 1.1237 211.433 1.83707e-06 -0.241298 0.00497512 0.00278272 0.00201901139077949 0.000110268381072975
ENSG00000217442.3 chr22 51001334 51001334 - 3359 63 22_51001271 chr22 51001271 51001271 356 271.902 0.938659 168.796 5.85505e-69 0.799394 0.00497512 9.12446e-48 1.70656135505035e-46 6.73385200544718e-05
ENSG00000205560.8 chr22 51017899 51017899 - 3327 -3700 22_51021599 chr22 51021599 51021599 356 311.013 0.954831 250.531 8.97339e-18 0.723152 0.00497512 9.61774e-13 1.95052798057378e-12 0.000131608063558275
ENSG00000254413.4 chr22 51021394 51021394 - 3315 -205 22_51021599 chr22 51021599 51021599 356 270.303 1.12148 211.33 3.93726e-15 0.696654 0.00497512 1.30968e-10 2.07977606029031e-10 9.20851349290874e-05
ENSG00000205559.3 chr22 51021455 51021455 + 3315 -9519 22_51011936 chr22 51011936 51011936 356 293.491 0.96671 258.471 3.32364e-17 -0.222109 0.00497512 1.18431e-11 2.19069162865735e-11 8.33571340512762e-05
ENSG00000100288.15 chr22 51039884 51039884 - 3281 24327 22_51015557 chr22 51015557 51015557 356 295.282 1.01188 246.873 8.32884e-07 0.974908 0.00995025 0.00164414 0.00121383929611025 0.000108408041484931
ENSG00000100299.13 chr22 51066607 51066607 - 3204 3130 22_51063477 chr22 51063477 51063477 356 277.117 0.942302 168.593 4.98865e-34 -1.50718 0.00497512 3.11361e-23 1.45585779889942e-22 8.01828344100253e-05
ENSG00000079974.13 chr22 51222091 51222091 - 2804 40589 22_51181502 chr22 51181502 51181502 356 290.78 0.93852 177.081 3.28809e-09 0.100724 0.00497512 3.21315e-05 3.07309210638594e-05 0.000109717383072194
ENSG00000184319.11 chr22 51222185 51222185 + 2804 -454 22_51221731 chr22 51221731 51221731 356 289.893 0.937927 193.517 8.3959e-17 -0.305968 0.00497512 5.53653e-11 9.22727636600811e-11 9.59190618248229e-05
ENSG00000272216.1 chr22 22641586 22641586 - 5365 -441109 22_23082695 chr22 23082695 23082695 356 330.482 0.909793 623.041 3.65052e-06 -0.0620431 0.00995025 0.00845687 0.00581033021222399 6.69419219488931e-05
ENSG00000234630.1 chr22 22648098 22648098 + 5374 -36080 22_22612018 chr22 22612018 22612018 356 266.652 1.11193 243.604 3.60245e-05 0.0778032 0.0696517 0.0588977 0.032828318421984 6.63466813112246e-05
ENSG00000272779.1 chr22 22657589 22657589 + 5410 3566 22_22661155 chr22 22661155 22661155 356 330.082 0.980918 613.223 3.18247e-18 -2.59919 0.00497512 5.84624e-14 1.38603927272572e-13 8.58952573532523e-05
ENSG00000211643.2 chr22 22673082 22673082 + 5518 -11932 22_22661150 chr22 22661150 22661150 356 194.827 0.937917 107.812 5.01283e-06 0.889288 0.0995025 0.0920346 0.0478149123002947 5.46698871173312e-06
ENSG00000211679.2 chr22 23248512 23248512 + 6824 -423048 22_22825464 chr22 22825464 22825464 356 266.652 0.910045 268.915 2.32239e-05 243.53 0.109453 0.0863044 0.0455406787536561 2.73231512232242e-05
ENSG00000254030.1 chr22 23257805 23257805 + 6849 -9784 22_23248021 chr22 23248021 23248021 356 286.052 0.969319 494.203 8.14423e-06 0.473313 0.039801 0.0349402 0.0208561202844473 3.06276122787885e-05
ENSG00000100311.12 chr22 39640756 39640756 - 3473 -105412 22_39746168 chr22 39746168 39746168 356 296.116 0.849669 200.297 6.87523e-10 -0.322424 0.00497512 2.56815e-05 2.51332808377682e-05 7.55874036222348e-05
ENSG00000100316.11 chr22 39716394 39716394 - 3426 -33590 22_39749984 chr22 39749984 39749984 356 322.086 0.917607 247.553 1.23755e-05 9.18797 0.00995025 0.0122223 0.00809984050867128 0.000152705224671035
ENSG00000100321.10 chr22 39745930 39745930 + 3433 1850 22_39747780 chr22 39747780 39747780 356 299.019 1.16221 267.665 4.65218e-62 1.1476 0.00497512 5.36118e-58 1.50406423045345e-56 0.000170057753548836
ENSG00000128268.11 chr22 39853349 39853349 + 3355 4847 22_39858196 chr22 39858196 39858196 356 301.07 0.898636 216.552 1.72855e-07 1.00282 0.00497512 0.00078174 0.000612041849957889 9.73534041635027e-05
ENSG00000227188.1 chr22 39872827 39872827 - 3361 -1487 22_39874314 chr22 39874314 39874314 356 306.754 1.07136 247.403 0.000109744 -0.0548116 0.0646766 0.0635561 0.0350763701961339 0.000175127152913346
ENSG00000128272.10 chr22 39915700 39915700 + 3406 25172 22_39940872 chr22 39940872 39940872 356 372.357 0.878618 424.135 6.63798e-06 3.55573 0.00995025 0.00391581 0.00280485873707792 0.000225165796793214
ENSG00000239900.7 chr22 40742507 40742507 + 2707 72087 22_40814594 chr22 40814594 40814594 356 321.756 0.957701 179.021 2.43555e-05 0.373856 0.00995025 0.0131976 0.00871188282642447 0.000249380242377195
ENSG00000100359.16 chr22 40766595 40766595 + 2661 23506 22_40790101 chr22 40790101 40790101 356 375.921 0.764372 228.511 4.25787e-19 -0.704273 0.00497512 1.11001e-13 2.55953619765721e-13 0.000279676102033388
ENSG00000100372.10 chr22 41215403 41215403 - 2601 -411260 22_41626663 chr22 41626663 41626663 356 314.681 0.998873 122.952 0.000138833 0.721273 0.0447761 0.0412346 0.0239343166669261 0.000371703737693574
ENSG00000196236.8 chr22 41253081 41253081 + 2630 -106048 22_41147033 chr22 41147033 41147033 356 275.187 1.06629 85.7123 5.41343e-08 0.14097 0.00497512 8.16815e-05 7.27476795352404e-05 0.000281856845665063
ENSG00000172404.4 chr22 41258130 41258130 - 2636 1328 22_41256802 chr22 41256802 41256802 356 334.915 0.967262 145.074 9.6874e-72 0.245823 0.00497512 2.60925e-63 1.46403575082749e-61 0.000426022909735924
ENSG00000100395.10 chr22 41601209 41601209 + 2953 -107221 22_41493988 chr22 41493988 41493988 356 256.171 1.02394 52.5127 4.66589e-18 0.365166 0.00497512 5.83451e-12 1.09123710243179e-11 0.000279114660304502
ENSG00000235513.1 chr22 41613631 41613631 - 2929 15578 22_41598053 chr22 41598053 41598053 356 293.213 1.06723 97.1778 8.07451e-26 0.294649 0.00497512 7.77082e-21 2.90677609613114e-20 0.000375401207825865
ENSG00000100401.15 chr22 41682255 41682255 - 2934 20278 22_41661977 chr22 41661977 41661977 356 318.418 1.0277 116.95 1.29514e-09 -0.7409 0.00497512 7.56093e-07 8.56303219385897e-07 0.000465651979634663
ENSG00000100403.10 chr22 41697526 41697526 + 2944 -57798 22_41639728 chr22 41639728 41639728 356 296.69 0.901676 82.0656 0.0001542 -0.148064 0.0696517 0.0624492 0.0345788495675466 0.000277131002472397
ENSG00000070010.14 chr22 19466738 19466738 - 4470 503 22_19466235 chr22 19466235 19466235 356 255.006 0.934682 240.194 3.50709e-06 -0.281373 0.039801 0.0272786 0.0168814760971386 2.33750915143993e-05
ENSG00000215012.4 chr22 19842419 19842419 - 4278 8393 22_19834026 chr22 19834026 19834026 356 307.832 1.06626 468.524 8.46821e-24 -0.271187 0.00497512 2.75813e-19 8.59761942114021e-19 8.51275694175868e-05
ENSG00000185838.9 chr22 19842462 19842462 - 4278 7352 22_19835110 chr22 19835110 19835110 356 291.388 1.07362 343.1 1.4761e-09 0.0897887 0.00497512 6.61412e-06 6.91517919603734e-06 8.00366721777079e-05
ENSG00000093010.7 chr22 19929130 19929130 + 4214 -1038 22_19928092 chr22 19928092 19928092 356 330.187 1.0677 733.849 2.1395e-27 0.757561 0.00497512 3.69692e-24 1.88574670462573e-23 9.19550907011457e-05
ENSG00000184470.15 chr22 19929341 19929341 - 4215 41195 22_19888146 chr22 19888146 19888146 356 313.812 1.01373 415.187 1.7559e-17 -0.207336 0.00497512 3.84135e-13 8.35355291721847e-13 9.71730261708492e-05
ENSG00000265087.1 chr22 19951276 19951276 + 4217 -5 22_19951271 chr22 19951271 19951271 356 286.434 1.01912 291.405 3.80873e-51 -2.77957 0.00497512 9.37388e-40 1.0519264496669e-38 7.09254106001644e-05
ENSG00000183597.11 chr22 20004537 20004537 + 4234 21988 22_20026525 chr22 20026525 20026525 356 320.939 1.03275 443.707 3.67518e-20 -0.291657 0.00497512 3.54745e-16 9.33025586424434e-16 0.000114482516535341
ENSG00000268292.1 chr22 20053228 20053228 - 4243 26703 22_20026525 chr22 20026525 20026525 356 323.929 1.03592 565.505 1.60887e-08 -0.672555 0.00497512 2.7471e-05 2.6575562478967e-05 9.5353130629916e-05
ENSG00000128191.9 chr22 20067755 20067755 + 4237 -9949 22_20057806 chr22 20057806 20057806 356 331.125 0.999189 656.103 5.20392e-08 0.182064 0.00497512 0.000100419 8.89650722756663e-05 8.68207614379557e-05
ENSG00000099899.10 chr22 20104915 20104915 - 4178 96 22_20104819 chr22 20104819 20104819 356 292.9 0.969803 419.07 1.35953e-07 -0.334201 0.00497512 0.000924335 0.000704035192794063 4.63595733467548e-05
ENSG00000128185.5 chr22 20307603 20307603 - 4113 13978 22_20293625 chr22 20293625 20293625 356 345.553 1.03613 750.987 1.46573e-12 -0.720624 0.00497512 1.11913e-09 1.59645166867897e-09 0.000118215953188283
ENSG00000206176.5 chr22 20378814 20378814 + 4278 111847 22_20490661 chr22 20490661 20490661 356 244.281 0.944501 177.651 1.76259e-32 -0.184791 0.00497512 1.97137e-19 6.26108382501756e-19 2.48981680901483e-05
ENSG00000215513.7 chr22 20427835 20427835 - 4361 -45583 22_20473418 chr22 20473418 20473418 356 307.363 0.976991 373.4 2.50904e-58 -0.585619 0.00497512 6.26307e-47 1.05425218625296e-45 8.20042312186242e-05
ENSG00000100360.10 chr22 37172300 37172300 - 4717 689 22_37171611 chr22 37171611 37171611 356 351.846 1.04503 1007.55 6.62353e-11 -0.088799 0.00497512 4.05763e-08 5.05936391566767e-08 0.000103591276256143
ENSG00000100365.10 chr22 37257030 37257030 + 4818 8049 22_37265079 chr22 37265079 37265079 356 304.078 1.04576 426.763 8.56793e-13 3.31248 0.00497512 7.13471e-09 9.53153890397841e-09 8.05517876036888e-05
ENSG00000100368.9 chr22 37309670 37309670 + 4812 -45964 22_37263706 chr22 37263706 37263706 356 318.714 1.06729 535.244 2.52292e-23 2.90585 0.00497512 1.6295e-19 5.27482754985604e-19 9.74095259833607e-05
ENSG00000128309.12 chr22 37415676 37415676 + 4799 -146987 22_37268689 chr22 37268689 37268689 356 311.5 1.04544 430.705 3.2636e-05 0.17524 0.0248756 0.036579 0.0216044996715203 9.69162923258882e-05
ENSG00000100379.13 chr22 37447779 37447779 + 4782 -171494 22_37276285 chr22 37276285 37276285 356 290.328 1.08774 365.182 1.16277e-05 0.127401 0.0199005 0.0190193 0.0123134124110435 7.51979009212533e-05
ENSG00000100385.9 chr22 37571094 37571094 - 4812 16255 22_37554839 chr22 37554839 37554839 356 298.811 1.15403 423.721 2.64771e-05 2.01889 0.0298507 0.0287071 0.0175717037613023 9.62815751457402e-05
ENSG00000133466.9 chr22 37595425 37595425 - 4766 -908 22_37596333 chr22 37596333 37596333 356 329.804 1.00764 552.519 9.67181e-25 -0.101346 0.00497512 1.90816e-20 6.98255235337235e-20 0.000103744521766092
ENSG00000183473.5 chr22 37608362 37608362 - 4706 -3903 22_37612265 chr22 37612265 37612265 356 277.256 1.03037 251.979 4.85355e-09 -0.571512 0.00497512 4.48978e-05 4.17545426202058e-05 6.72738250774296e-05
ENSG00000226233.1 chr22 37611931 37611931 - 4694 -111 22_37612042 chr22 37612042 37612042 356 275.361 1.25268 301.645 1.66812e-23 -0.460706 0.00497512 5.56566e-20 1.95178816157673e-19 9.77586639276939e-05
ENSG00000128340.10 chr22 37640488 37640488 - 4618 2835 22_37637653 chr22 37637653 37637653 356 305.121 1.10019 399.807 7.03854e-07 -6.56096 0.00497512 0.000889128 0.000683403843313891 0.000105011189741488
ENSG00000100055.16 chr22 37678068 37678068 + 4581 2930 22_37680998 chr22 37680998 37680998 356 291.44 1.06187 386.784 2.28618e-14 -0.387082 0.00497512 5.43771e-10 8.02912900221594e-10 6.68483703616385e-05
ENSG00000128283.6 chr22 37956454 37956454 + 4158 570428 22_38526882 chr22 38526882 38526882 356 291.805 0.80852 316.458 1.34401e-05 0.0435142 0.0646766 0.0549427 0.0308280452417321 3.15858583623818e-05
ENSG00000233360.4 chr22 38054384 38054384 - 4091 48507 22_38005877 chr22 38005877 38005877 356 306.824 1.09394 366.066 3.3485e-05 -0.318778 0.039801 0.0300674 0.0182057394870478 0.000119351720419436
ENSG00000241360.1 chr22 38054734 38054734 + 4093 809726 22_38864460 chr22 38864460 38864460 356 304.06 0.983677 353.676 5.68045e-05 0.823813 0.0845771 0.0715531 0.0389786882115752 8.17495047562566e-05
ENSG00000100097.7 chr22 38071615 38071615 + 4113 3573 22_38075188 chr22 38075188 38075188 356 316.106 1.02139 442.647 1.56866e-09 -25.7027 0.00497512 4.34574e-06 4.60069941575855e-06 9.82288929866071e-05
ENSG00000100101.13 chr22 38077680 38077680 + 4133 22737 22_38100417 chr22 38100417 38100417 356 293.683 0.982027 291.059 1.70851e-17 -0.230935 0.00497512 5.0723e-12 9.59339153886047e-12 7.68102084995892e-05
ENSG00000100106.15 chr22 38093011 38093011 + 4119 29451 22_38122462 chr22 38122462 38122462 356 308.51 0.917017 346.614 2.22543e-18 -0.21224 0.00497512 1.65085e-12 3.26923344335398e-12 7.41011634273203e-05
ENSG00000100116.12 chr22 38203912 38203912 + 4027 347 22_38204259 chr22 38204259 38204259 356 330.221 0.938961 459.876 8.76876e-28 0.912911 0.00497512 7.67181e-22 3.14971476624368e-21 0.000102150079589247
ENSG00000207945.1 chr22 38240378 38240378 - 4000 -184229 22_38424607 chr22 38424607 38424607 356 282.766 0.988778 278.064 2.63756e-07 0.418859 0.00497512 0.00135381 0.00100833890311668 6.05510251515673e-05
ENSG00000100129.13 chr22 38244875 38244875 + 3990 -25623 22_38219252 chr22 38219252 38219252 356 299.349 1.05201 305.578 3.9417e-06 3.4469 0.00995025 0.00535787 0.00377356222368813 0.000106909753579076
ENSG00000100124.8 chr22 38245334 38245334 - 3988 -179273 22_38424607 chr22 38424607 38424607 356 283.983 1.11693 260.847 3.61155e-49 0.822277 0.00497512 1.97965e-41 2.56331693380117e-40 0.00010353683874742
ENSG00000233739.1 chr22 38469947 38469947 - 3872 19656 22_38450291 chr22 38450291 38450291 356 326.484 1.04751 442.09 5.28443e-05 0.0869547 0.0199005 0.0396116 0.0230718163842086 0.000137258510548466
ENSG00000185022.7 chr22 38597889 38597889 + 3910 -6457 22_38591432 chr22 38591432 38591432 356 300.427 1.07648 340.832 2.90627e-09 -0.491769 0.00497512 7.03664e-06 7.2666622174433e-06 0.000104274990606945
ENSG00000184708.13 chr22 31892094 31892094 - 4107 354972 22_31537122 chr22 31537122 31537122 356 293.561 1.07646 217.741 2.55225e-07 -0.283126 0.00497512 0.000344433 0.000278739594581093 0.000148073830717799
ENSG00000241878.5 chr22 32058418 32058418 - 4253 196572 22_31861846 chr22 31861846 31861846 356 265.87 1.11142 190.987 5.61618e-05 -0.448976 0.0547264 0.066565 0.0364976418787576 8.90346898827499e-05
ENSG00000100150.12 chr22 32149944 32149944 + 4226 136423 22_32286367 chr22 32286367 32286367 356 321.043 0.983159 332.246 4.57696e-07 -0.100334 0.00497512 0.000636434 0.000507724548532708 0.00013515144930154
ENSG00000128245.10 chr22 32340447 32340447 + 4356 1237 22_32341684 chr22 32341684 32341684 356 338.113 0.969127 488.193 9.17306e-18 2.1328 0.00497512 7.76912e-14 1.81633761816436e-13 0.000127687781884545
ENSG00000128254.9 chr22 32341504 32341504 - 4355 -40739 22_32382243 chr22 32382243 32382243 356 287.859 0.989055 219.209 1.66012e-09 0.0271812 0.00497512 1.48775e-05 1.48183721996805e-05 9.42426625720749e-05
ENSG00000128276.6 chr22 32750872 32750872 + 4664 26251 22_32777123 chr22 32777123 32777123 356 290.658 0.983811 262.43 2.10398e-07 -0.0524887 0.00497512 0.000816155 0.000633096855374039 8.04019285698399e-05
ENSG00000205853.6 chr22 32778039 32778039 - 4698 -468 22_32778507 chr22 32778507 32778507 356 311.743 1.08533 444.279 1.76404e-10 -0.0782031 0.00497512 3.13006e-07 3.63364006084593e-07 0.000105877222150053
ENSG00000241954.1 chr22 32779773 32779773 + 4700 -21702 22_32758071 chr22 32758071 32758071 356 288.642 1.1109 289.171 4.13034e-05 -0.100299 0.0348259 0.0437691 0.0252314384079598 0.000102077311487925
ENSG00000100220.7 chr22 32808242 32808242 - 4740 29015 22_32779227 chr22 32779227 32779227 356 352.576 0.92763 585.825 4.06671e-06 -0.556121 0.00497512 0.004186 0.00298568829585935 0.000128221081689972
ENSG00000100225.13 chr22 32870663 32870663 + 4792 17959 22_32888622 chr22 32888622 32888622 356 279.046 1.24094 286.564 1.08997e-13 -0.368396 0.00497512 1.56533e-10 2.41733397168625e-10 0.000112588429430405
ENSG00000175329.8 chr22 35462129 35462129 + 5053 77768 22_35539897 chr22 35539897 35539897 356 223.352 0.834124 96.4819 6.62545e-07 1.03199 0.0298507 0.0188056 0.0122220674141979 1.46479639484554e-05
ENSG00000100297.11 chr22 35796056 35796056 + 5053 -264662 22_35531394 chr22 35531394 35531394 356 293.057 1.04415 256.104 2.45535e-05 -0.571129 0.0199005 0.0275485 0.016986056109202 0.000108648373824405
ENSG00000100302.6 chr22 35936915 35936915 + 5002 502293 22_36439208 chr22 36439208 36439208 356 294.291 0.944542 260.392 3.25497e-05 0.0110015 0.0348259 0.0494255 0.0282024150725268 7.77890315537544e-05
ENSG00000100336.13 chr22 36600886 36600886 - 4755 -34 22_36600920 chr22 36600920 36600920 356 296.725 0.944363 399.639 4.76986e-19 0.0479448 0.00497512 8.31597e-13 1.72816473909543e-12 4.99995912472961e-05
ENSG00000100345.16 chr22 36784063 36784063 - 4923 108913 22_36675150 chr22 36675150 36675150 356 336.149 0.972728 678.386 1.75125e-08 -3.68755 0.00497512 3.98104e-05 3.72289922741162e-05 8.71958848545074e-05
ENSG00000223695.1 chr22 36784671 36784671 + 4924 53100 22_36837771 chr22 36837771 36837771 356 276.196 1.04957 309.2 1.25816e-07 -0.0736704 0.00497512 0.000699253 0.00055520800863042 5.36331489906505e-05
ENSG00000100348.5 chr22 36878077 36878077 - 4857 3478 22_36874599 chr22 36874599 36874599 356 338.426 0.889168 580.347 1.61569e-09 -1.16901 0.00497512 1.0359e-05 1.05042969298212e-05 8.15493835202297e-05
ENSG00000100350.10 chr22 36903148 36903148 - 4837 -13008 22_36916156 chr22 36916156 36916156 356 334.932 0.972353 661.864 2.4077e-05 0.30395 0.0348259 0.0306197 0.0184077261444637 8.67853110134709e-05
ENSG00000128266.7 chr22 23412540 23412540 + 6959 -513648 22_22898892 chr22 22898892 22898892 356 242.681 1.01184 223.877 9.93904e-06 -0.0553865 0.0597015 0.0555093 0.0310424864147995 2.24263478629805e-05
ENSG00000100228.8 chr22 23487513 23487513 + 6720 19246 22_23506759 chr22 23506759 23506759 356 274.196 1.00736 355.044 1.66665e-05 -0.090144 0.0597015 0.0533262 0.0301218483502267 3.63593019157005e-05
ENSG00000186716.15 chr22 23521891 23521891 + 6553 20208 22_23542099 chr22 23542099 23542099 356 283.218 1.13224 467.005 3.63303e-06 -0.296794 0.00497512 0.00920382 0.00629782014931916 5.14386658470034e-05
ENSG00000178248.10 chr22 23829167 23829167 - 5558 -93385 22_23922552 chr22 23922552 23922552 356 269.66 1.16603 298.297 4.77568e-05 0.0337572 0.079602 0.073297 0.0397998788782102 6.5960912738583e-05
ENSG00000211683.3 chr22 23981128 23981128 - 5125 -12898 22_23994026 chr22 23994026 23994026 356 352.993 0.883865 769.989 7.74714e-16 -0.176409 0.00497512 2.09733e-11 3.79612989925175e-11 8.45158981261918e-05
ENSG00000234353.2 chr22 23982949 23982949 - 5122 -28771 22_24011720 chr22 24011720 24011720 356 313.951 1.04577 418.948 4.23027e-20 -0.45654 0.00497512 5.82896e-16 1.48663510589831e-15 0.000106585653356639
ENSG00000244723.3 chr22 23995521 23995521 - 5082 4101 22_23991420 chr22 23991420 23991420 356 283.357 1.1356 346.567 5.12256e-10 -0.109143 0.00497512 2.0256e-06 2.15801195373045e-06 7.55346375800325e-05
ENSG00000159496.10 chr22 24030323 24030323 + 5002 -2137 22_24028186 chr22 24028186 24028186 356 302.6 1.00784 371.39 1.4347e-05 0.0594826 0.0298507 0.0225595 0.0143841031125248 8.05434538826422e-05
ENSG00000273000.1 chr22 24059534 24059534 - 4879 25246 22_24034288 chr22 24034288 24034288 356 295.821 1.10662 313.837 8.11161e-13 0.135721 0.00497512 3.08711e-09 4.29461245084395e-09 0.000111097937823712
ENSG00000272578.1 chr22 24059543 24059543 - 4879 51134 22_24008409 chr22 24008409 24008409 356 405.489 0.834951 1422.14 2.43914e-12 -0.170655 0.00497512 5.02203e-09 6.92909820678466e-09 0.000121150532554015
ENSG00000228315.7 chr22 24059543 24059543 - 4879 31131 22_24028412 chr22 24028412 24028412 356 297.368 0.987939 312.469 1.7101e-15 0.134696 0.00497512 1.43774e-10 2.24085546122738e-10 7.9881946502991e-05
ENSG00000128218.7 chr22 24096655 24096655 - 4883 -2829 22_24099484 chr22 24099484 24099484 356 315.585 1.04198 450.663 3.42439e-12 5.1609 0.00497512 1.20935e-08 1.55395328153279e-08 0.000101193753752171
ENSG00000169314.10 chr22 24105208 24105208 + 4842 3080 22_24108288 chr22 24108288 24108288 356 297.368 0.963336 388.709 5.47728e-05 0.0433635 0.104478 0.0939035 0.048635755147263 5.64835057457191e-05
ENSG00000099956.13 chr22 24129150 24129150 + 4773 16168 22_24145318 chr22 24145318 24145318 356 311.517 1.04353 454.089 9.94781e-14 -5.19328 0.00497512 6.24684e-10 9.14365406321075e-10 9.07844932218627e-05
ENSG00000133460.15 chr22 24198890 24198890 + 4883 4856 22_24203746 chr22 24203746 24203746 356 288.989 1.14066 351.133 4.32391e-23 -0.208922 0.00497512 9.73318e-19 2.9256607993346e-18 8.86581742643999e-05
ENSG00000273295.1 chr22 24249255 24249255 - 4934 -17699 22_24266954 chr22 24266954 24266954 356 321.512 0.966839 441.794 4.90294e-64 0.162907 0.00497512 1.54017e-53 3.70363231199765e-52 9.46151728777878e-05
ENSG00000225282.1 chr22 24269087 24269087 + 4924 29093 22_24298180 chr22 24298180 24298180 356 272.441 0.954515 210.252 1.7708e-19 0.0359721 0.00497512 2.23717e-12 4.32849558524048e-12 5.50353938975068e-05
ENSG00000099974.7 chr22 24309089 24309089 + 4921 4917 22_24314006 chr22 24314006 24314006 356 321.182 0.941218 413.64 1.53994e-15 -1.05759 0.00497512 6.67402e-11 1.10139874335511e-10 9.23862809554254e-05
ENSG00000272787.1 chr22 24311400 24311400 + 4927 -56192 22_24255208 chr22 24255208 24255208 356 295.334 1.03151 313.518 5.16469e-24 -0.209552 0.00497512 3.11586e-18 8.88961943003948e-18 8.71177794907751e-05
ENSG00000099977.9 chr22 24322660 24322660 - 4941 8654 22_24314006 chr22 24314006 24314006 356 312.334 1.14575 454.149 4.57011e-14 -1.1777 0.00497512 3.16946e-11 5.55739526542312e-11 0.000123594383030223
ENSG00000235231.3 chr22 24373117 24373117 + 4902 -38169 22_24334948 chr22 24334948 24334948 356 328.327 0.899744 545.411 6.16134e-51 -1.0746 0.00497512 5.56618e-40 6.69247034496033e-39 7.0476808411768e-05
ENSG00000184674.8 chr22 24384680 24384680 - 4896 49732 22_24334948 chr22 24334948 24334948 356 301.922 1.0867 361.171 1.68369e-67 -2.06354 0.00497512 1.13281e-59 3.81368057233662e-58 0.000104489304719513
ENSG00000167074.10 chr22 41763337 41763337 + 3002 12543 22_41775880 chr22 41775880 41775880 356 291.336 0.949307 91.8854 1.07607e-49 0.413369 0.00497512 4.60532e-37 4.56003457653541e-36 0.000256451731855178
ENSG00000100410.3 chr22 41864729 41864729 - 3123 -348207 22_42212936 chr22 42212936 42212936 356 303.782 1.0327 107.457 2.82133e-05 0.553004 0.00995025 0.0100097 0.00673966480255609 0.000380388942850196
ENSG00000100412.11 chr22 41865129 41865129 + 3124 -112070 22_41753059 chr22 41753059 41753059 356 275.865 1.04685 79.1394 8.07588e-16 -1.45733 0.00497512 3.61261e-11 6.26912010359285e-11 0.000297439251830678
ENSG00000100413.12 chr22 41940610 41940610 - 3286 195062 22_41745548 chr22 41745548 41745548 356 289.528 1.12473 130.159 2.4764e-28 -0.665151 0.00497512 8.28668e-24 3.98538029012183e-23 0.000287106874844012
ENSG00000172346.10 chr22 41956767 41956767 + 3304 -100844 22_41855923 chr22 41855923 41855923 356 290.032 1.02603 113.07 2.7304e-10 0.0788041 0.00497512 9.56336e-07 1.06608246931226e-06 0.000253913857638288
ENSG00000100417.7 chr22 41985894 41985894 - 3366 -90747 22_42076641 chr22 42076641 42076641 356 309.136 0.83904 127.256 1.71052e-32 0.479187 0.00497512 3.52071e-22 1.51957762937945e-21 0.000171904697218839
ENSG00000100418.7 chr22 42017100 42017100 - 3378 28173 22_41988927 chr22 41988927 41988927 356 301.853 1.08816 162.55 3.5912e-08 -0.583373 0.00497512 2.6117e-05 2.54117416002947e-05 0.000266146290912372
ENSG00000196419.8 chr22 42017123 42017123 + 3378 -28196 22_41988927 chr22 41988927 41988927 356 312.821 1.16999 191.742 3.28162e-11 1.73082 0.00497512 5.74125e-09 7.85703326059802e-09 0.000352393968586107
ENSG00000100138.9 chr22 42086508 42086508 - 3528 565076 22_41521432 chr22 41521432 41521432 356 282.975 1.00121 116.907 0.000162152 0.862798 0.0995025 0.0862095 0.0455406787536561 0.00018693895470423
ENSG00000167077.8 chr22 42095503 42095503 + 3561 82396 22_42177899 chr22 42177899 42177899 356 276.456 1.05554 131.562 4.58591e-34 0.607198 0.00497512 4.85881e-26 2.82026010109052e-25 0.000163228301805263
ENSG00000100147.9 chr22 42196683 42196683 + 3695 -75819 22_42120864 chr22 42120864 42120864 356 303.121 1.01322 170.696 2.84362e-41 -0.64269 0.00497512 1.37133e-33 1.28240947027068e-32 0.000205512155322385
ENSG00000198911.7 chr22 42229109 42229109 + 3716 597191 22_42826300 chr22 42826300 42826300 356 277.725 1.08273 143.193 0.000101432 0.880871 0.0597015 0.064426 0.0354402671050812 0.000165873479466616
ENSG00000260655.1 chr22 42319104 42319104 - 3902 -10493 22_42329597 chr22 42329597 42329597 356 289.476 0.960528 149.703 1.08542e-12 5.46912 0.00497512 4.20578e-08 5.20552920896406e-08 0.000141233550494002
ENSG00000263463.1 chr22 42319301 42319301 - 3903 26378 22_42292923 chr22 42292923 42292923 356 306.807 0.946168 214.719 1.50021e-07 5.51106 0.00497512 0.000373386 0.000300724622710135 0.000136948526855862
ENSG00000159958.3 chr22 42322822 42322822 - 3915 29899 22_42292923 chr22 42292923 42292923 356 272.91 1.11569 143.685 8.20234e-13 4.87271 0.00497512 7.28977e-09 9.66200704366554e-09 0.000160423342010274
ENSG00000100162.10 chr22 42343168 42343168 - 3952 1860 22_42341308 chr22 42341308 42341308 356 356.07 0.950256 310.095 1.44135e-26 -2.52409 0.00497512 6.54472e-23 2.97746449636993e-22 0.000281112849919274
ENSG00000205704.5 chr22 42348169 42348169 + 3956 36002 22_42384171 chr22 42384171 42384171 356 289.215 1.11637 143.515 5.26314e-05 -0.0566333 0.0298507 0.0245064 0.0154498938948097 0.000246997790383618
ENSG00000198951.7 chr22 42466846 42466846 - 4096 50543 22_42416303 chr22 42416303 42416303 356 314.403 0.961024 242.538 8.64224e-23 0.95126 0.00497512 3.0099e-17 8.30576189015244e-17 0.000151662378040207
ENSG00000177096.4 chr22 42470255 42470255 + 4108 -88529 22_42381726 chr22 42381726 42381726 356 279.307 1.09701 151.288 2.1714e-05 0.12759 0.00995025 0.0169756 0.0110754829271296 0.000168968027368654
ENSG00000183172.8 chr22 42475695 42475695 + 4119 -9186 22_42466509 chr22 42466509 42466509 356 279.881 1.10367 136.786 5.93881e-79 3.58377 0.00497512 1.65112e-66 2.77930291337313e-64 0.000198733603103962
ENSG00000184983.5 chr22 42486959 42486959 - 4130 -148367 22_42635326 chr22 42635326 42635326 356 298.098 0.880935 166.452 6.4992e-31 8.95372 0.00497512 3.81198e-21 1.52777207501865e-20 0.00011395597400865
ENSG00000100197.16 chr22 42526908 42526908 - 4197 -13643 22_42540551 chr22 42540551 42540551 356 279.672 1.02645 159.408 9.78562e-17 -0.0435342 0.00497512 1.5058e-11 2.75509583413028e-11 0.000126841732305261
ENSG00000232710.1 chr22 42535938 42535938 - 4203 7370 22_42528568 chr22 42528568 42528568 356 314.594 0.912452 230.193 2.3057e-06 -0.0269145 0.00995025 0.00366307 0.00264634548568352 0.000135543601861743
ENSG00000223704.1 chr22 27254597 27254597 + 5552 -74651 22_27179946 chr22 27179946 27179946 356 335.697 0.917468 998.272 3.72517e-05 0.0112509 0.0845771 0.0783138 0.0421163964097331 4.76217171894167e-05
ENSG00000235954.2 chr22 28315364 28315364 + 4142 4147 22_28319511 chr22 28319511 28319511 356 293.387 1.02666 340.182 1.05478e-12 0.084595 0.00497512 2.1471e-08 2.73801350144303e-08 7.36319539593744e-05
ENSG00000180957.13 chr22 28316122 28316122 - 4143 48014 22_28268108 chr22 28268108 28268108 356 308.093 1.04049 450.965 1.05377e-08 -0.699808 0.00497512 3.02931e-05 2.91382130519556e-05 8.28294290671217e-05
ENSG00000100154.10 chr22 29075853 29075853 - 3074 293666 22_28782187 chr22 28782187 28782187 356 305.677 0.863926 170.322 6.84675e-20 -0.0460938 0.00497512 4.31125e-13 9.18614636208572e-13 0.000125718779520945
ENSG00000183765.16 chr22 29138410 29138410 - 3026 144012 22_28994398 chr22 28994398 28994398 356 310.37 0.926517 171.596 3.95982e-05 0.160785 0.0199005 0.0288916 0.0176205620049937 0.000179753474800259
ENSG00000159873.5 chr22 29168662 29168662 + 3030 758 22_29169420 chr22 29169420 29169420 356 241.499 1.16815 84.0232 4.74181e-05 -0.53255 0.0348259 0.0386063 0.0225643557404631 0.000154703889806873
ENSG00000100219.12 chr22 29196585 29196585 - 3050 19171 22_29177414 chr22 29177414 29177414 356 268.756 1.05709 108.21 1.37674e-07 6.90564 0.00497512 0.000323812 0.000264595810394657 0.000170426078463848
ENSG00000183762.8 chr22 29469066 29469066 + 3182 392468 22_29861534 chr22 29861534 29861534 356 266.339 0.979131 95.0957 0.000112478 0.0908801 0.0746269 0.0815933 0.0434634964317523 0.000141650705992924
ENSG00000186998.11 chr22 29601840 29601840 + 3214 19288 22_29621128 chr22 29621128 29621128 356 355.965 0.834428 251.688 1.82007e-09 0.993443 0.00497512 5.46357e-06 5.74796048228552e-06 0.000230225260178463
ENSG00000237015.1 chr22 29656878 29656878 + 3236 -35750 22_29621128 chr22 29621128 29621128 356 309.292 1.2042 195.869 4.26552e-05 0.297795 0.00995025 0.0114045 0.00761785941057322 0.000346280056937931
ENSG00000182944.13 chr22 29663998 29663998 + 3239 464181 22_30128179 chr22 30128179 30128179 356 256.223 1.24979 113.696 9.60005e-05 -0.50935 0.039801 0.0509185 0.0289561711498759 0.00020095780081264
ENSG00000100263.9 chr22 29664198 29664198 - 3239 2857 22_29661341 chr22 29661341 29661341 356 284.991 1.04786 121.163 7.80369e-08 0.248553 0.00497512 0.000121597 0.000106052960363734 0.000221038693000608
ENSG00000273216.1 chr22 29713209 29713209 - 3276 -387008 22_30100217 chr22 30100217 30100217 356 281.636 1.14005 147.323 0.000160553 0.0403596 0.079602 0.0759265 0.0410951184128947 0.000211331737248854
ENSG00000100296.9 chr22 29951205 29951205 - 3605 -1234 22_29952439 chr22 29952439 29952439 356 284.713 1.23605 177.38 2.21254e-08 -0.296435 0.00497512 1.01886e-05 1.03941220663416e-05 0.000235275909790778
ENSG00000184117.7 chr22 29977326 29977326 - 3626 -88487 22_30065813 chr22 30065813 30065813 356 282.071 1.09203 156.043 8.62296e-28 2.47189 0.00497512 5.80068e-22 2.44104711098304e-21 0.000172376208067204
ENSG00000186575.13 chr22 29999545 29999545 + 3685 104274 22_30103819 chr22 30103819 30103819 356 277.134 1.14433 150.047 1.98112e-07 -0.207244 0.00497512 0.000218611 0.000183992135397613 0.000185653839555155
ENSG00000100314.3 chr22 30116073 30116073 + 3809 77525 22_30193598 chr22 30193598 30193598 356 340.651 0.956624 310.081 9.18785e-05 0.0731024 0.0597015 0.0463744 0.0266420677249942 0.00020868785657302
ENSG00000100319.11 chr22 30163000 30163000 - 3820 -30598 22_30193598 chr22 30193598 30193598 356 295.525 1.09887 202.512 1.18897e-08 0.195624 0.00497512 1.47242e-05 1.47529771844222e-05 0.000181618273679351
ENSG00000184076.10 chr22 30163358 30163358 + 3819 30240 22_30193598 chr22 30193598 30193598 356 312.665 0.992108 238.199 3.36145e-15 4.11896 0.00497512 4.53692e-11 7.71406282270157e-11 0.000164842760620454
ENSG00000100325.10 chr22 30234271 30234271 - 3810 -226988 22_30461259 chr22 30461259 30461259 356 288.885 1.16163 186.371 1.36362e-22 0.563274 0.00497512 6.48458e-19 1.98461563126309e-18 0.000202609654441854
ENSG00000100330.11 chr22 30279144 30279144 + 3829 -127457 22_30151687 chr22 30151687 30151687 356 315.741 1.04713 294.367 2.86572e-17 -0.148757 0.00497512 1.31762e-13 2.99719985706566e-13 0.000166247080003679
ENSG00000248751.2 chr22 30695471 30695471 - 3712 27163 22_30668308 chr22 30668308 30668308 356 331.108 1.05303 338.079 7.79116e-05 -0.159261 0.0248756 0.0381219 0.0223588717930161 0.00020700429979148
ENSG00000100364.14 chr22 45636650 45636650 - 6105 -4761 22_45641411 chr22 45641411 45641411 356 353.41 0.913085 1235.3 1.04045e-23 1.14342 0.00497512 9.99195e-19 2.95075153083528e-18 5.86930423901455e-05
ENSG00000100376.7 chr22 45704849 45704849 + 6049 21496 22_45726345 chr22 45726345 45726345 356 308.667 0.968187 598.837 2.4005e-80 -3.14199 0.00497512 5.28101e-65 4.44471827564097e-63 4.79527155929915e-05
ENSG00000077935.12 chr22 45809500 45809500 - 5877 -124 22_45809624 chr22 45809624 45809624 356 255.823 0.848233 270.208 3.06408e-11 -0.21516 0.00497512 3.29481e-05 3.13338928303244e-05 1.35333489009737e-05
ENSG00000128408.7 chr22 45809572 45809572 + 5877 52 22_45809624 chr22 45809624 45809624 356 347.222 0.972094 936.301 1.66807e-37 -0.409827 0.00497512 1.00233e-32 8.00171725530004e-32 8.11796571966727e-05
ENSG00000197182.8 chr22 46449749 46449749 + 5526 -2035 22_46447714 chr22 46447714 46447714 356 319.983 1.01378 673.917 1.10041e-08 0.0268816 0.00497512 3.52717e-05 3.33552065474464e-05 6.64334285909174e-05
ENSG00000182257.5 chr22 46450024 46450024 - 5526 471362 22_45978662 chr22 45978662 45978662 356 311.361 0.973468 538.822 6.12003e-08 0.0328857 0.00497512 0.00027976 0.000230840866854628 5.93752060407127e-05
ENSG00000186951.12 chr22 46546424 46546424 + 5489 75570 22_46621994 chr22 46621994 46621994 356 292.292 1.08531 411.299 4.14914e-07 -0.122962 0.00995025 0.00104475 0.000792166823684458 6.8390853785294e-05
ENSG00000205643.6 chr22 46646576 46646576 - 5462 201105 22_46445471 chr22 46445471 46445471 356 298.55 0.963828 410.236 5.15972e-05 0.126792 0.079602 0.0915971 0.0477349471698374 5.49256689608146e-05
ENSG00000130943.5 chr22 46659219 46659219 - 5425 -723 22_46659942 chr22 46659942 46659942 356 351.237 0.907862 1033.96 2.45894e-11 -0.0148837 0.00497512 1.74168e-07 2.0501685730778e-07 6.54876761123635e-05
ENSG00000075234.12 chr22 46663858 46663858 + 5401 13440 22_46677298 chr22 46677298 46677298 356 262.254 1.11892 265.025 2.70052e-19 -0.977754 0.00497512 1.41385e-13 3.17321367643184e-13 5.26473642417091e-05
ENSG00000075218.14 chr22 46692638 46692638 + 5365 11605 22_46704243 chr22 46704243 46704243 356 322.555 0.994975 569.393 1.43537e-11 -0.609324 0.00497512 7.9737e-08 9.65611292947666e-08 8.05865027679875e-05
ENSG00000100416.8 chr22 46726772 46726772 + 5384 25308 22_46752080 chr22 46752080 46752080 356 298.185 1.04903 413.892 1.82295e-08 -0.136632 0.00497512 6.73965e-05 6.06670645604073e-05 7.171818389895e-05
ENSG00000075275.12 chr22 46933067 46933067 - 5194 654859 22_46278208 chr22 46278208 46278208 356 237.971 0.882942 193.021 3.08381e-10 0.275851 0.00497512 0.000171825 0.00014756641474851 1.27027922122158e-05
ENSG00000075240.12 chr22 46971909 46971909 + 5192 4648 22_46976557 chr22 46976557 46976557 356 294.743 1.04896 362.502 1.03055e-11 -0.398905 0.00497512 1.018e-07 1.22398751229202e-07 7.62190007403962e-05
ENSG00000100422.9 chr22 47134158 47134158 - 5358 52303 22_47081855 chr22 47081855 47081855 356 285.93 1.24554 408.755 6.83677e-13 -0.70282 0.00497512 7.15859e-10 1.03878757129141e-09 8.90563880027173e-05
ENSG00000260708.1 chr22 47158460 47158460 - 5361 848 22_47157612 chr22 47157612 47157612 356 322.99 0.991453 626.626 2.87628e-39 -1.03534 0.00497512 1.0458e-32 8.00171725530004e-32 7.25384675435148e-05
ENSG00000054611.9 chr22 47158518 47158518 + 5361 3384 22_47161902 chr22 47161902 47161902 356 303.817 0.94285 407.076 4.43685e-11 0.486441 0.00497512 1.10902e-06 1.22711361006409e-06 5.96188118726637e-05
ENSG00000212939.2 chr22 49942329 49942329 + 8024 108139 22_50050468 chr22 50050468 50050468 356 300.375 0.950766 603.755 9.92366e-16 -0.0145064 0.00497512 3.19016e-10 4.75216231992187e-10 3.50390345670304e-05
ENSG00000213279.2 chr22 49969074 49969074 - 8005 -56472 22_50025546 chr22 50025546 50025546 356 335.975 0.935384 1200.64 8.91041e-09 -0.0216663 0.00497512 5.63895e-05 5.15866903103632e-05 4.19955767457791e-05
ENSG00000235111.1 chr22 50009364 50009364 - 7935 18894 22_49990470 chr22 49990470 49990470 356 335.801 1.0548 1113.22 2.31116e-19 -0.0497965 0.00497512 4.09455e-16 1.06035201690153e-15 6.54236547289466e-05
ENSG00000188511.8 chr22 50051190 50051190 - 7837 -5926 22_50057116 chr22 50057116 50057116 356 351.515 0.938762 1422.92 7.94013e-21 -0.199921 0.00497512 2.13484e-16 5.79603349552903e-16 5.29068228891649e-05
ENSG00000226954.1 chr22 50118154 50118154 - 7439 -38984 22_50157138 chr22 50157138 50157138 356 304.356 1.00573 656.85 7.98674e-10 -0.0155304 0.00497512 8.19295e-06 8.40918101272587e-06 4.32805112380308e-05
ENSG00000100425.14 chr22 50221160 50221160 - 7150 24817 22_50196343 chr22 50196343 50196343 356 323.546 1.06845 1063.92 5.72191e-10 -0.237454 0.00497512 1.51536e-06 1.64566474635755e-06 5.19537559646732e-05
ENSG00000100426.6 chr22 50247490 50247490 + 7045 6193 22_50253683 chr22 50253683 50253683 356 288.329 1.13657 511.582 3.27313e-07 -0.257247 0.00497512 0.00089912 0.000687942629430615 5.43304375193454e-05
ENSG00000273192.1 chr22 50295876 50295876 + 6836 8715 22_50304591 chr22 50304591 50304591 356 278.942 1.22022 440.743 2.58649e-11 -0.282223 0.00497512 7.52547e-08 9.17934699024768e-08 6.18874863569374e-05
ENSG00000184164.10 chr22 50311815 50311815 + 6751 1544 22_50313359 chr22 50313359 50313359 356 303.382 1.11068 621.823 9.14054e-45 -2.28988 0.00497512 1.73789e-39 1.82835088459728e-38 6.18189895205123e-05
ENSG00000182858.9 chr22 50312106 50312106 - 6749 149970 22_50162136 chr22 50162136 50162136 356 280.176 1.16916 431.686 4.09782e-15 -0.242035 0.00497512 4.18922e-11 7.19555566410888e-11 5.74504747702376e-05
ENSG00000100427.11 chr22 50524331 50524331 - 5639 -670730 22_51195061 chr22 51195061 51195061 356 264.74 0.928519 326.922 1.99932e-08 0.296901 0.00497512 0.000766268 0.000602731876823062 2.13970265281471e-05
ENSG00000099917.13 chr22 20850200 20850200 + 3793 13685 22_20863885 chr22 20863885 20863885 356 305.381 0.886599 473.124 5.61147e-06 -0.42482 0.0298507 0.0211251 0.0135723398799803 4.20734504300579e-05
ENSG00000099937.6 chr22 21128167 21128167 + 3411 188091 22_21316258 chr22 21316258 21316258 356 267.435 0.93406 222.235 2.46286e-05 0.201793 0.0845771 0.0689131 0.037662428037744 4.00131052418207e-05
ENSG00000099940.7 chr22 21213271 21213271 + 3204 -170302 22_21042969 chr22 21042969 21042969 356 334.741 0.901586 624.076 1.31752e-26 -0.961209 0.00497512 3.54613e-20 1.27003017425694e-19 7.22009791418454e-05
ENSG00000241973.6 chr22 21213705 21213705 - 3203 146775 22_21066930 chr22 21066930 21066930 356 293.648 1.06391 337.143 3.05527e-10 -0.203721 0.00497512 1.59434e-06 1.72033723142835e-06 8.45122340172866e-05
ENSG00000272600.1 chr22 21245502 21245502 - 3175 55125 22_21190377 chr22 21190377 21190377 356 298.95 1.09252 368.383 1.45471e-27 -1.58671 0.00497512 1.02745e-22 4.55128827759853e-22 9.59201935939458e-05
ENSG00000099949.14 chr22 21333751 21333751 + 3211 2798 22_21336549 chr22 21336549 21336549 356 332.22 0.943496 505.984 5.90746e-11 -0.213513 0.00497512 3.24641e-07 3.74289596825089e-07 9.83051169088922e-05
ENSG00000272829.1 chr22 21336044 21336044 - 3216 -505 22_21336549 chr22 21336549 21336549 356 325.615 0.995152 455.444 9.49397e-07 -0.0917186 0.00497512 0.00130168 0.000978099883431053 0.000111084848445575
ENSG00000184436.7 chr22 21356485 21356485 - 3240 -114432 22_21470917 chr22 21470917 21470917 356 329.004 0.996781 439.607 4.25889e-05 0.326148 0.0348259 0.036424 0.0215887025121111 0.000125866787319628
ENSG00000099957.12 chr22 21364097 21364097 + 3245 54093 22_21418190 chr22 21418190 21418190 356 299.697 0.99371 282.736 7.6949e-05 -0.00514881 0.0845771 0.0793012 0.0425115907029148 9.77285415093565e-05
ENSG00000183506.12 chr22 21871822 21871822 - 4681 49460 22_21822362 chr22 21822362 21822362 356 349.951 0.979374 766.81 1.78951e-23 -0.118506 0.00497512 8.22459e-20 2.71457175453804e-19 0.000108421720062868
ENSG00000161179.9 chr22 21984353 21984353 - 4864 2013 22_21982340 chr22 21982340 21982340 356 340.008 0.928681 669.948 1.96001e-05 -0.415711 0.0298507 0.0271923 0.0168814760971386 8.38803540279542e-05
ENSG00000161180.6 chr22 21987005 21987005 + 4867 1519 22_21988524 chr22 21988524 21988524 356 292.935 1.02342 344.63 1.7639e-05 0.0120978 0.0248756 0.0306163 0.0184077261444637 7.07985139651868e-05
ENSG00000100023.13 chr22 22006559 22006559 + 4899 43224 22_22049783 chr22 22049783 22049783 356 304.599 0.949716 368.667 7.75819e-33 0.360872 0.00497512 1.69777e-24 9.2188002732798e-24 7.01017219575384e-05
ENSG00000100030.10 chr22 22221970 22221970 - 5215 16617 22_22205353 chr22 22205353 22205353 356 303.521 1.00644 438.982 4.41329e-16 -0.5178 0.00497512 2.33645e-11 4.18394418794944e-11 6.76715017045026e-05
ENSG00000224086.3 chr22 22292609 22292609 + 5323 21854 22_22314463 chr22 22314463 22314463 356 307.102 1.06164 584.52 2.11211e-13 -0.0408298 0.00497512 1.62479e-09 2.29830425297233e-09 6.38432645287956e-05
ENSG00000100034.9 chr22 22307209 22307209 - 5328 17812 22_22289397 chr22 22289397 22289397 356 287.338 1.05121 359.233 2.79494e-11 -0.116151 0.00497512 3.82779e-07 4.38316695638159e-07 6.27107437054519e-05
ENSG00000100038.15 chr22 22337213 22337213 - 5308 49351 22_22287862 chr22 22287862 22287862 356 350.611 0.900114 885.462 1.14889e-15 -0.181895 0.00497512 2.60134e-11 4.60925524280429e-11 7.3496115347238e-05
ENSG00000211637.2 chr22 22385332 22385332 + 5253 330446 22_22715778 chr22 22715778 22715778 356 173.689 0.979528 104.914 1.73174e-07 61.0606 0.0348259 0.0297227 0.0180619956608636 1.9998429775514e-06
ENSG00000253794.1 chr22 22398016 22398016 + 5221 -109 22_22397907 chr22 22397907 22397907 356 303.573 0.864579 484.322 8.88085e-07 -0.0975538 0.0149254 0.00642132 0.00446648820787942 3.54059885989688e-05
ENSG00000182502.2 chr22 22472374 22472374 - 5142 6830 22_22465544 chr22 22465544 22465544 356 279.933 0.847034 364.245 1.52924e-06 -0.115094 0.0298507 0.0164851 0.0107973133994478 2.17992609987672e-05
ENSG00000184381.14 chr22 38601697 38601697 - 3912 83817 22_38517880 chr22 38517880 38517880 356 290.05 1.09299 275.921 9.65043e-08 0.0977682 0.00497512 0.000190311 0.000160978567904616 0.000106509129649934
ENSG00000256873.1 chr22 38617120 38617120 - 3950 -40935 22_38658055 chr22 38658055 38658055 356 256.414 1.10167 174.684 9.98765e-06 -0.706932 0.00995025 0.020565 0.0132631124308048 7.21127012484057e-05
ENSG00000198792.8 chr22 38669040 38669040 - 3882 2667 22_38666373 chr22 38666373 38666373 356 280.02 0.973989 226.171 5.96398e-08 -0.463734 0.00497512 0.000433111 0.000347165982604002 6.83172286812805e-05
ENSG00000213923.6 chr22 38794527 38794527 - 3876 75988 22_38718539 chr22 38718539 38718539 356 302.444 1.15847 303.992 0.000125692 0.709898 0.0597015 0.0776734 0.0419058801484083 0.00015809693776403
ENSG00000184949.11 chr22 39052634 39052634 - 3750 -64835 22_39117469 chr22 39117469 39117469 356 297.559 0.995739 255.356 8.9512e-05 0.00500171 0.0895522 0.0847535 0.0450044671844523 0.000104795864185769
ENSG00000230912.1 chr22 39064755 39064755 - 3732 24328 22_39040427 chr22 39040427 39040427 356 310.109 0.939218 261.777 0.00010778 -0.0339295 0.0945274 0.090932 0.0475355054530359 0.000115695809800864
ENSG00000100216.4 chr22 39077953 39077953 + 3742 -12987 22_39064966 chr22 39064966 39064966 356 268.391 1.03691 164.185 3.33916e-23 -2.4333 0.00497512 3.22898e-16 8.62744203763522e-16 9.12827495167523e-05
ENSG00000100221.6 chr22 39097561 39097561 - 3717 -12563 22_39110124 chr22 39110124 39110124 356 303.834 1.03521 281.75 3.2466e-30 -1.3636 0.00497512 2.19296e-24 1.15355412479687e-23 0.000125407005619582
ENSG00000100226.11 chr22 39101728 39101728 + 3716 -36762 22_39064966 chr22 39064966 39064966 356 373.522 0.993757 652.794 6.1127e-08 -0.336016 0.00497512 2.0319e-05 2.01191974847835e-05 0.000217665656803478
ENSG00000100242.11 chr22 39190148 39190148 - 3624 55941 22_39134207 chr22 39134207 39134207 356 297.437 1.04319 230.393 1.75826e-06 -0.570514 0.0149254 0.00219898 0.00160238379459422 0.000138041850575088
ENSG00000100246.8 chr22 39190203 39190203 - 3625 107 22_39190096 chr22 39190096 39190096 356 313.499 1.01574 301.221 2.48345e-07 -0.229014 0.00497512 0.000341973 0.000278085738901444 0.000139309962574719
ENSG00000183741.7 chr22 39268319 39268319 - 3614 1868 22_39266451 chr22 39266451 39266451 356 303.782 1.0159 251.529 3.09587e-10 -0.875413 0.00497512 1.23689e-06 1.35197170394613e-06 0.000134297870258093
ENSG00000179750.11 chr22 39378352 39378352 + 3631 -20315 22_39358037 chr22 39358037 39358037 356 302.374 1.05774 268.736 8.97964e-34 -3.62776 0.00497512 5.29989e-28 3.30415442302624e-27 0.000136894842142188
ENSG00000244509.3 chr22 39410088 39410088 + 3652 412 22_39410500 chr22 39410500 39410500 356 328.24 1.01234 407.132 2.92284e-14 3.51536 0.00497512 8.86439e-11 1.44866802694421e-10 0.000140887787893895
ENSG00000243811.3 chr22 39410368 39410368 + 3652 10233 22_39420601 chr22 39420601 39420601 356 277.69 0.932689 162.428 1.1414e-19 -0.764033 0.00497512 1.34516e-12 2.69557799940199e-12 8.22193316947217e-05
ENSG00000128394.12 chr22 39436609 39436609 + 3669 6558 22_39443167 chr22 39443167 39443167 356 286.243 1.09301 246.908 2.38531e-40 -0.725875 0.00497512 3.76122e-33 3.33221013099793e-32 0.000109815257197887
ENSG00000239713.3 chr22 39436924 39436924 + 3669 70730 22_39507654 chr22 39507654 39507654 356 320.921 1.03462 340.083 1.53217e-11 -0.906591 0.00497512 2.84766e-08 3.60407432453056e-08 0.000154311052755984
ENSG00000259421.1 chr22 39466419 39466419 + 3643 51323 22_39517742 chr22 39517742 39517742 356 276.682 0.951609 170.932 2.27903e-14 0.415484 0.00497512 7.72996e-09 1.01654011501747e-08 8.07339626301973e-05
ENSG00000100298.11 chr22 39493229 39493229 + 3632 4175 22_39497404 chr22 39497404 39497404 356 300.358 1.03852 284.36 2.52463e-34 -1.54142 0.00497512 9.01227e-28 5.41793022465817e-27 0.000114532367840647
ENSG00000226024.1 chr22 39516571 39516571 - 3589 -1442 22_39518013 chr22 39518013 39518013 356 278.594 1.13283 195.484 2.7762e-10 -0.265162 0.00497512 8.57676e-07 9.62474524577343e-07 0.000133783218954964
ENSG00000100307.8 chr22 39548679 39548679 - 3552 -8735 22_39557414 chr22 39557414 39557414 356 346.387 0.871154 399.933 4.11143e-05 0.181782 0.039801 0.0357741 0.021278427294175 0.000135133083173922
ENSG00000100014.15 chr22 24666786 24666786 + 5131 432606 22_25099392 chr22 25099392 25099392 356 331.595 1.02705 686.81 2.17489e-05 0.296224 0.0298507 0.0253514 0.0158705467086692 9.097158593252e-05
ENSG00000138867.12 chr22 24951903 24951903 - 4761 12995 22_24938908 chr22 24938908 24938908 356 317.445 0.978371 488.169 5.58822e-07 -0.668037 0.00497512 0.0013074 0.000978099883431053 7.93478986752527e-05
ENSG00000100031.14 chr22 24979718 24979718 + 4717 20511 22_25000229 chr22 25000229 25000229 356 350.09 0.939025 801.367 2.99707e-22 -1.10556 0.00497512 7.06047e-18 1.98079534303822e-17 9.16162429733802e-05
ENSG00000178026.8 chr22 24989175 24989175 - 4704 -4192 22_24993367 chr22 24993367 24993367 356 317.167 0.989233 439.624 3.78572e-08 -0.0727177 0.00497512 0.00010184 8.97516141662368e-05 9.17779968288013e-05
ENSG00000215481.4 chr22 25028882 25028882 + 4507 35652 22_25064534 chr22 25064534 25064534 356 360.276 0.920175 853.488 8.06631e-07 0.0149132 0.00497512 0.0011045 0.000833715933932337 0.000101904780223094
ENSG00000100068.7 chr22 25801344 25801344 - 4726 514361 22_25286983 chr22 25286983 25286983 356 285.53 1.17471 347.828 4.64026e-05 -0.112219 0.0248756 0.0532926 0.0301218483502267 8.93644133005411e-05
ENSG00000272942.1 chr22 25831037 25831037 - 4748 -12847 22_25843884 chr22 25843884 25843884 356 281.254 1.11142 373.628 4.11736e-18 0.0754742 0.00497512 2.44885e-13 5.42382709552638e-13 6.01451996899982e-05
ENSG00000272798.1 chr22 25832279 25832279 + 4752 76162 22_25908441 chr22 25908441 25908441 356 301.331 0.951487 422.06 3.78842e-08 0.0458089 0.00497512 0.000274583 0.000227685226670063 5.49968677436841e-05
ENSG00000100058.8 chr22 25844072 25844072 + 4760 1783 22_25845855 chr22 25845855 25845855 356 307.832 0.950781 488.598 6.72701e-09 0.348626 0.00497512 5.80703e-05 5.25531037291506e-05 5.56106408207135e-05
ENSG00000272977.1 chr22 25872185 25872185 + 4783 407 22_25872592 chr22 25872592 25872592 356 284.139 1.04467 330.151 6.23022e-28 -0.193172 0.00497512 5.70335e-21 2.18189874297263e-20 6.19346050945158e-05
ENSG00000100077.10 chr22 25960816 25960816 + 4942 -296512 22_25664304 chr22 25664304 25664304 356 316.159 1.0798 572.645 4.11032e-05 -0.394154 0.039801 0.0477715 0.0273513515967155 8.77171634593443e-05
ENSG00000128203.6 chr22 26825239 26825239 + 5164 2096 22_26827335 chr22 26827335 26827335 356 326.832 1.12187 1077.48 3.34537e-11 0.241474 0.00497512 3.34233e-08 4.19857362603187e-08 6.45426005109195e-05
ENSG00000100099.16 chr22 26879803 26879803 - 5212 46642 22_26833161 chr22 26833161 26833161 356 299.106 1.09412 615.521 4.34902e-05 0.0886984 0.0746269 0.0811174 0.0433471663958074 5.28267526311854e-05
ENSG00000100109.12 chr22 26908471 26908471 - 5297 38 22_26908433 chr22 26908433 26908433 356 315.098 1.02936 668.645 1.9628e-17 -0.494958 0.00497512 3.87087e-13 8.35355291721847e-13 6.17567508676142e-05
ENSG00000261188.1 chr22 26908503 26908503 + 5297 -56675 22_26851828 chr22 26851828 26851828 356 317.254 0.92526 640.502 4.43159e-07 0.236271 0.00995025 0.00204515 0.00149676829463981 4.84311921599145e-05
ENSG00000260065.1 chr22 26921002 26921002 - 5286 -723 22_26921725 chr22 26921725 26921725 356 312.508 1.06325 760.838 2.9938e-70 0.392931 0.00497512 1.06516e-62 4.48241540773615e-61 5.51034660711824e-05
ENSG00000128294.11 chr22 26992681 26992681 - 5405 -423516 22_27416197 chr22 27416197 27416197 356 287.912 1.23622 481.517 1.80999e-05 0.567692 0.0248756 0.0243411 0.0154033721618506 7.53442581464814e-05
ENSG00000244625.1 chr22 27068730 27068730 + 5607 48960 22_27117690 chr22 27117690 27117690 356 314.455 0.914153 604.247 1.61157e-20 -0.17084 0.00497512 3.07365e-14 7.60856480991986e-14 4.59065341374965e-05
