ENSG00000073150.9 chr22 50609160 50609160 + 5034 -71259 22_50537901 chr22 50537901 50537901 356 348.091 1.01359 954.317 6.60258e-08 0.202819 0.00497512 7.71487e-05
ENSG00000170638.5 chr22 50624344 50624344 + 4964 2447 22_50626791 chr22 50626791 50626791 356 307.902 1.10039 507.322 9.35973e-11 0.817225 0.00497512 2.04611e-07
ENSG00000273188.1 chr22 50630831 50630831 - 4927 703181 22_49927650 chr22 49927650 49927650 356 311.239 1.11149 557.977 0.000726191 0.0516383 0.567164 0.536112
ENSG00000073169.9 chr22 50639408 50639408 + 4874 -15326 22_50624082 chr22 50624082 50624082 356 272.528 1.06353 312.427 2.77627e-12 0.343026 0.00497512 1.14261e-07
ENSG00000272836.1 chr22 50644491 50644491 - 4862 755724 22_49888767 chr22 49888767 49888767 356 320.296 0.93911 569.353 0.000441312 0.0563529 0.427861 0.417565
ENSG00000273137.1 chr22 50647971 50647971 - 4854 853629 22_49794342 chr22 49794342 49794342 356 291.962 1.24738 436.89 4.11611e-05 -0.215688 0.0348259 0.0414215
ENSG00000128159.7 chr22 50683421 50683421 - 4666 196106 22_50487315 chr22 50487315 50487315 356 350.281 0.891712 733.137 0.000843332 -0.175398 0.557214 0.547913
ENSG00000100429.13 chr22 50689834 50689834 - 4605 479960 22_50209874 chr22 50209874 50209874 356 266.496 1.12686 286.003 0.000343849 0.171954 0.343284 0.369626
ENSG00000188130.9 chr22 50700254 50700254 - 4558 -93 22_50700347 chr22 50700347 50700347 356 317.271 1.14757 655.982 2.25986e-09 -0.278047 0.00497512 1.89726e-06
ENSG00000185386.10 chr22 50709196 50709196 - 4519 602 22_50708594 chr22 50708594 50708594 356 289.111 1.23468 395.423 0.000144238 0.189444 0.119403 0.13641
ENSG00000268427.1 chr22 50714103 50714103 + 4511 -718372 22_49995731 chr22 49995731 49995731 356 289.424 1.05629 303.075 0.00289815 1.99122 0.870647 0.879109
ENSG00000196576.10 chr22 50746056 50746056 - 4360 -300107 22_51046163 chr22 51046163 51046163 356 339.139 0.971 612.518 0.000179601 0.603239 0.164179 0.155178
ENSG00000227484.1 chr22 50753060 50753060 + 4322 274 22_50753334 chr22 50753334 50753334 356 312.352 0.926429 370.603 2.26339e-06 -0.149153 0.00995025 0.00547609
ENSG00000205593.7 chr22 50765489 50765489 - 4265 12155 22_50753334 chr22 50753334 50753334 356 316.367 1.03749 520.763 1.99046e-24 -0.635399 0.00497512 7.2575e-20
ENSG00000100239.11 chr22 50781733 50781733 + 4167 78381 22_50860114 chr22 50860114 50860114 356 288.781 1.12536 325.454 2.55439e-06 0.225319 0.00995025 0.00376896
ENSG00000100241.16 chr22 50913454 50913454 - 3586 31500 22_50881954 chr22 50881954 50881954 356 358.99 0.853779 605.868 4.93808e-08 -0.341051 0.00497512 0.000129814
ENSG00000128165.7 chr22 50919985 50919985 + 3573 206143 22_51126128 chr22 51126128 51126128 356 272.215 1.17271 235.951 8.83691e-05 0.119872 0.0895522 0.0877577
ENSG00000100253.8 chr22 50925213 50925213 + 3555 -460502 22_50464711 chr22 50464711 50464711 356 233.312 0.957637 133.535 0.00887035 -0.0344762 0.99005 0.991291
ENSG00000100258.13 chr22 50946135 50946135 - 3491 8166 22_50937969 chr22 50937969 50937969 356 351.811 0.892325 539.813 1.44386e-05 -0.361548 0.0149254 0.0151393
ENSG00000025770.14 chr22 50946645 50946645 + 3489 17320 22_50963965 chr22 50963965 50963965 356 285.826 1.06077 210.72 3.16145e-06 -0.302466 0.00497512 0.00448109
ENSG00000272821.1 chr22 50962355 50962355 + 3434 -1186 22_50961169 chr22 50961169 50961169 356 308.51 0.997683 262.557 2.1691e-14 -1.03408 0.00497512 3.17165e-10
ENSG00000130489.8 chr22 50964868 50964868 - 3422 3699 22_50961169 chr22 50961169 50961169 356 265.244 0.90813 155.712 8.91497e-10 -1.15214 0.00497512 5.4108e-05
ENSG00000025708.8 chr22 50968485 50968485 - 3416 4520 22_50963965 chr22 50963965 50963965 356 233.034 1.0825 129.797 3.27832e-13 2.04296 0.00497512 1.46185e-07
ENSG00000177989.9 chr22 50971009 50971009 - 3410 -257 22_50971266 chr22 50971266 50971266 356 250.191 0.929973 130.954 7.07935e-11 0.719259 0.00497512 1.45781e-05
ENSG00000273272.1 chr22 50981079 50981079 + 3390 -2817 22_50978262 chr22 50978262 50978262 356 275.83 0.934833 180.823 1.11618e-47 9.4835 0.00497512 8.1634e-33
ENSG00000272666.1 chr22 50981335 50981335 - 3388 3073 22_50978262 chr22 50978262 50978262 356 274.84 0.906504 184.048 8.86317e-48 7.85368 0.00497512 8.75106e-32
ENSG00000130487.4 chr22 50986462 50986462 + 3386 -5644 22_50980818 chr22 50980818 50980818 356 276.23 1.1237 211.433 1.83707e-06 -0.241298 0.00497512 0.00278272
ENSG00000217442.3 chr22 51001334 51001334 - 3359 63 22_51001271 chr22 51001271 51001271 356 271.902 0.938659 168.796 5.85505e-69 0.799394 0.00497512 9.12446e-48
ENSG00000205560.8 chr22 51017899 51017899 - 3327 -3700 22_51021599 chr22 51021599 51021599 356 311.013 0.954831 250.531 8.97339e-18 0.723152 0.00497512 9.61774e-13
ENSG00000254413.4 chr22 51021394 51021394 - 3315 -205 22_51021599 chr22 51021599 51021599 356 270.303 1.12148 211.33 3.93726e-15 0.696654 0.00497512 1.30968e-10
ENSG00000205559.3 chr22 51021455 51021455 + 3315 -9519 22_51011936 chr22 51011936 51011936 356 293.491 0.96671 258.471 3.32364e-17 -0.222109 0.00497512 1.18431e-11
ENSG00000008735.10 chr22 51039114 51039114 + 3281 -55059 22_50984055 chr22 50984055 50984055 356 298.446 1.12519 314.651 0.00424518 -0.00513496 0.925373 0.923813
ENSG00000100288.15 chr22 51039884 51039884 - 3281 24327 22_51015557 chr22 51015557 51015557 356 295.282 1.01188 246.873 8.32884e-07 0.974908 0.00995025 0.00164414
ENSG00000100299.13 chr22 51066607 51066607 - 3204 3130 22_51063477 chr22 51063477 51063477 356 277.117 0.942302 168.593 4.98865e-34 -1.50718 0.00497512 3.11361e-23
ENSG00000251322.3 chr22 51112843 51112843 + 3033 -76958 22_51035885 chr22 51035885 51035885 356 255.162 0.940462 145.763 0.00561361 0.0062512 0.955224 0.946167
ENSG00000213683.3 chr22 51193862 51193862 - 2851 753211 22_50440651 chr22 50440651 50440651 356 292.257 0.986617 197.798 0.000886505 -0.939705 0.373134 0.408973
ENSG00000079974.13 chr22 51222091 51222091 - 2804 40589 22_51181502 chr22 51181502 51181502 356 290.78 0.93852 177.081 3.28809e-09 0.100724 0.00497512 3.21315e-05
ENSG00000184319.11 chr22 51222185 51222185 + 2804 -454 22_51221731 chr22 51221731 51221731 356 289.893 0.937927 193.517 8.3959e-17 -0.305968 0.00497512 5.53653e-11
