ENSG00000100014.15 chr22 24666786 24666786 + 5131 432606 22_25099392 chr22 25099392 25099392 356 331.595 1.02705 686.81 2.17489e-05 0.296224 0.0298507 0.0253514
ENSG00000258555.2 chr22 24666866 24666866 + 5131 -744314 22_23922552 chr22 23922552 23922552 356 289.945 0.985036 333.04 0.000837161 0.510521 0.567164 0.583676
ENSG00000128271.15 chr22 24813847 24813847 + 5010 -891295 22_23922552 chr22 23922552 23922552 356 272.024 0.95579 227.385 0.00267569 0.661603 0.845771 0.872115
ENSG00000100024.10 chr22 24863206 24863206 + 4871 482331 22_25345537 chr22 25345537 25345537 356 334.358 0.90597 524.873 0.000117012 0.0877408 0.0995025 0.122094
ENSG00000228923.1 chr22 24912476 24912476 + 4789 -988988 22_23923488 chr22 23923488 23923488 356 306.772 1.06915 425.277 0.000743046 -0.132647 0.492537 0.491132
ENSG00000100028.7 chr22 24951471 24951471 + 4761 657720 22_25609191 chr22 25609191 25609191 356 286.121 1.2037 309.881 0.0010143 -0.539996 0.587065 0.545374
ENSG00000138867.12 chr22 24951903 24951903 - 4761 12995 22_24938908 chr22 24938908 24938908 356 317.445 0.978371 488.169 5.58822e-07 -0.668037 0.00497512 0.0013074
ENSG00000100031.14 chr22 24979718 24979718 + 4717 20511 22_25000229 chr22 25000229 25000229 356 350.09 0.939025 801.367 2.99707e-22 -1.10556 0.00497512 7.06047e-18
ENSG00000178026.8 chr22 24989175 24989175 - 4704 -4192 22_24993367 chr22 24993367 24993367 356 317.167 0.989233 439.624 3.78572e-08 -0.0727177 0.00497512 0.00010184
ENSG00000215481.4 chr22 25028882 25028882 + 4507 35652 22_25064534 chr22 25064534 25064534 356 360.276 0.920175 853.488 8.06631e-07 0.0149132 0.00497512 0.0011045
ENSG00000224124.2 chr22 25055114 25055114 - 4469 4788 22_25050326 chr22 25050326 25050326 356 302.809 1.03516 361.059 0.000417619 -0.00191981 0.353234 0.32059
ENSG00000224334.1 chr22 25082890 25082890 + 4438 166394 22_25249284 chr22 25249284 25249284 356 325.632 0.975861 540.162 0.00359342 -0.0625861 0.975124 0.947591
ENSG00000197077.8 chr22 25348697 25348697 + 4131 326639 22_25675336 chr22 25675336 25675336 356 270.807 0.941692 221.196 0.00207914 0.0916052 0.80597 0.817504
ENSG00000206066.3 chr22 25714223 25714223 + 4485 609488 22_26323711 chr22 26323711 26323711 356 227.837 0.876249 125.586 0.000198492 0.249789 0.368159 0.369567
ENSG00000231466.2 chr22 25746289 25746289 - 4575 -847908 22_26594197 chr22 26594197 26594197 356 301.227 1.0265 423.062 0.000292402 -0.061979 0.283582 0.294284
ENSG00000100068.7 chr22 25801344 25801344 - 4726 514361 22_25286983 chr22 25286983 25286983 356 285.53 1.17471 347.828 4.64026e-05 -0.112219 0.0248756 0.0532926
ENSG00000272942.1 chr22 25831037 25831037 - 4748 -12847 22_25843884 chr22 25843884 25843884 356 281.254 1.11142 373.628 4.11736e-18 0.0754742 0.00497512 2.44885e-13
ENSG00000272798.1 chr22 25832279 25832279 + 4752 76162 22_25908441 chr22 25908441 25908441 356 301.331 0.951487 422.06 3.78842e-08 0.0458089 0.00497512 0.000274583
ENSG00000100058.8 chr22 25844072 25844072 + 4760 1783 22_25845855 chr22 25845855 25845855 356 307.832 0.950781 488.598 6.72701e-09 0.348626 0.00497512 5.80703e-05
ENSG00000272977.1 chr22 25872185 25872185 + 4783 407 22_25872592 chr22 25872592 25872592 356 284.139 1.04467 330.151 6.23022e-28 -0.193172 0.00497512 5.70335e-21
ENSG00000234884.1 chr22 25960429 25960429 - 4937 -778013 22_26738442 chr22 26738442 26738442 356 296.533 1.12041 489.243 0.000620735 0.026509 0.572139 0.52966
ENSG00000100077.10 chr22 25960816 25960816 + 4942 -296512 22_25664304 chr22 25664304 25664304 356 316.159 1.0798 572.645 4.11032e-05 -0.394154 0.039801 0.0477715
ENSG00000224003.1 chr22 26043228 26043228 + 5040 -594062 22_25449166 chr22 25449166 25449166 356 269.781 1.07585 289.387 0.000600428 0.0285433 0.532338 0.523695
ENSG00000222585.1 chr22 26111136 26111136 - 5042 -87562 22_26198698 chr22 26198698 26198698 356 308.319 1.07131 525.024 0.000301894 0.219697 0.318408 0.300686
ENSG00000133454.11 chr22 26138111 26138111 + 5065 316197 22_26454308 chr22 26454308 26454308 356 262.098 0.896777 267.395 0.000613502 -0.0476151 0.626866 0.633913
ENSG00000128203.6 chr22 26825239 26825239 + 5164 2096 22_26827335 chr22 26827335 26827335 356 326.832 1.12187 1077.48 3.34537e-11 0.241474 0.00497512 3.34233e-08
ENSG00000100099.16 chr22 26879803 26879803 - 5212 46642 22_26833161 chr22 26833161 26833161 356 299.106 1.09412 615.521 4.34902e-05 0.0886984 0.0746269 0.0811174
ENSG00000100104.8 chr22 26879843 26879843 + 5212 24698 22_26904541 chr22 26904541 26904541 356 313.655 1.06189 686.948 0.000154155 -0.207175 0.208955 0.206281
ENSG00000100109.12 chr22 26908471 26908471 - 5297 38 22_26908433 chr22 26908433 26908433 356 315.098 1.02936 668.645 1.9628e-17 -0.494958 0.00497512 3.87087e-13
ENSG00000261188.1 chr22 26908503 26908503 + 5297 -56675 22_26851828 chr22 26851828 26851828 356 317.254 0.92526 640.502 4.43159e-07 0.236271 0.00995025 0.00204515
ENSG00000260065.1 chr22 26921002 26921002 - 5286 -723 22_26921725 chr22 26921725 26921725 356 312.508 1.06325 760.838 2.9938e-70 0.392931 0.00497512 1.06516e-62
ENSG00000213707.2 chr22 26956492 26956492 + 5296 516550 22_27473042 chr22 27473042 27473042 356 367.125 0.903892 1534.12 0.000329988 -0.0476164 0.383085 0.383285
ENSG00000128294.11 chr22 26992681 26992681 - 5405 -423516 22_27416197 chr22 27416197 27416197 356 287.912 1.23622 481.517 1.80999e-05 0.567692 0.0248756 0.0243411
ENSG00000100122.5 chr22 27014052 27014052 - 5463 604788 22_26409264 chr22 26409264 26409264 356 297.941 1.10714 669.77 0.000684687 0.0239025 0.706468 0.679516
ENSG00000196431.3 chr22 27017928 27017928 + 5491 971414 22_27989342 chr22 27989342 27989342 356 152.552 0.894442 96.1772 5.67271e-05 0.0895741 0.606965 0.6082
ENSG00000225783.2 chr22 27042392 27042392 + 5548 459690 22_27502082 chr22 27502082 27502082 356 281.289 1.00332 464.148 0.000725573 0.270808 0.676617 0.709285
ENSG00000206028.1 chr22 27068617 27068617 - 5606 12283 22_27056334 chr22 27056334 27056334 356 293.179 1.0526 610.786 0.000397772 -0.186137 0.517413 0.526927
ENSG00000244625.1 chr22 27068730 27068730 + 5607 48960 22_27117690 chr22 27117690 27117690 356 314.455 0.914153 604.247 1.61157e-20 -0.17084 0.00497512 3.07365e-14
