ENSG00000167074.10 chr22 41763337 41763337 + 3002 12543 22_41775880 chr22 41775880 41775880 356 291.336 0.949307 91.8854 1.07607e-49 0.413369 0.00497512 4.60532e-37
ENSG00000273424.1 chr22 41826938 41826938 + 3115 -780399 22_41046539 chr22 41046539 41046539 356 292.674 0.998824 102.177 0.0011172 0.0801427 0.293532 0.274581
ENSG00000183864.4 chr22 41843027 41843027 - 3104 -333553 22_42176580 chr22 42176580 42176580 356 293.37 1.13623 113.583 0.00111685 0.244027 0.238806 0.238883
ENSG00000100410.3 chr22 41864729 41864729 - 3123 -348207 22_42212936 chr22 42212936 42212936 356 303.782 1.0327 107.457 2.82133e-05 0.553004 0.00995025 0.0100097
ENSG00000100412.11 chr22 41865129 41865129 + 3124 -112070 22_41753059 chr22 41753059 41753059 356 275.865 1.04685 79.1394 8.07588e-16 -1.45733 0.00497512 3.61261e-11
ENSG00000100413.12 chr22 41940610 41940610 - 3286 195062 22_41745548 chr22 41745548 41745548 356 289.528 1.12473 130.159 2.4764e-28 -0.665151 0.00497512 8.28668e-24
ENSG00000172346.10 chr22 41956767 41956767 + 3304 -100844 22_41855923 chr22 41855923 41855923 356 290.032 1.02603 113.07 2.7304e-10 0.0788041 0.00497512 9.56336e-07
ENSG00000100417.7 chr22 41985894 41985894 - 3366 -90747 22_42076641 chr22 42076641 42076641 356 309.136 0.83904 127.256 1.71052e-32 0.479187 0.00497512 3.52071e-22
ENSG00000100418.7 chr22 42017100 42017100 - 3378 28173 22_41988927 chr22 41988927 41988927 356 301.853 1.08816 162.55 3.5912e-08 -0.583373 0.00497512 2.6117e-05
ENSG00000196419.8 chr22 42017123 42017123 + 3378 -28196 22_41988927 chr22 41988927 41988927 356 312.821 1.16999 191.742 3.28162e-11 1.73082 0.00497512 5.74125e-09
ENSG00000184208.10 chr22 42084943 42084943 + 3522 2333 22_42087276 chr22 42087276 42087276 356 310.474 1.03672 174.242 0.00344998 0.109829 0.676617 0.653553
ENSG00000100138.9 chr22 42086508 42086508 - 3528 565076 22_41521432 chr22 41521432 41521432 356 282.975 1.00121 116.907 0.000162152 0.862798 0.0995025 0.0862095
ENSG00000255782.1 chr22 42090191 42090191 + 3535 873968 22_42964159 chr22 42964159 42964159 356 291.527 0.995911 117.565 0.00549012 -0.182631 0.766169 0.759248
ENSG00000167077.8 chr22 42095503 42095503 + 3561 82396 22_42177899 chr22 42177899 42177899 356 276.456 1.05554 131.562 4.58591e-34 0.607198 0.00497512 4.85881e-26
ENSG00000100147.9 chr22 42196683 42196683 + 3695 -75819 22_42120864 chr22 42120864 42120864 356 303.121 1.01322 170.696 2.84362e-41 -0.64269 0.00497512 1.37133e-33
ENSG00000198911.7 chr22 42229109 42229109 + 3716 597191 22_42826300 chr22 42826300 42826300 356 277.725 1.08273 143.193 0.000101432 0.880871 0.0597015 0.064426
ENSG00000234965.1 chr22 42310570 42310570 - 3880 -16928 22_42327498 chr22 42327498 42327498 356 308.458 1.05713 215.773 0.000468123 0.460045 0.20398 0.194065
ENSG00000260655.1 chr22 42319104 42319104 - 3902 -10493 22_42329597 chr22 42329597 42329597 356 289.476 0.960528 149.703 1.08542e-12 5.46912 0.00497512 4.20578e-08
ENSG00000263463.1 chr22 42319301 42319301 - 3903 26378 22_42292923 chr22 42292923 42292923 356 306.807 0.946168 214.719 1.50021e-07 5.51106 0.00497512 0.000373386
ENSG00000159958.3 chr22 42322822 42322822 - 3915 29899 22_42292923 chr22 42292923 42292923 356 272.91 1.11569 143.685 8.20234e-13 4.87271 0.00497512 7.28977e-09
ENSG00000100162.10 chr22 42343168 42343168 - 3952 1860 22_42341308 chr22 42341308 42341308 356 356.07 0.950256 310.095 1.44135e-26 -2.52409 0.00497512 6.54472e-23
ENSG00000205704.5 chr22 42348169 42348169 + 3956 36002 22_42384171 chr22 42384171 42384171 356 289.215 1.11637 143.515 5.26314e-05 -0.0566333 0.0298507 0.0245064
ENSG00000100167.15 chr22 42372276 42372276 + 4008 473013 22_42845289 chr22 42845289 42845289 356 270.372 1.0064 139.231 0.00167502 0.210363 0.60199 0.575283
ENSG00000224883.1 chr22 42378221 42378221 - 4015 -657189 22_43035410 chr22 43035410 43035410 356 303.747 0.868212 180.558 0.00179442 -0.0524153 0.562189 0.573971
ENSG00000183066.10 chr22 42394729 42394729 + 4050 -184132 22_42210597 chr22 42210597 42210597 356 220.171 0.702995 72.2186 0.00123662 -0.0343184 0.656716 0.696695
ENSG00000215347.3 chr22 42397970 42397970 - 4055 3358 22_42394612 chr22 42394612 42394612 356 268.564 1.06757 150.232 0.000300071 -0.0517858 0.208955 0.198078
ENSG00000198951.7 chr22 42466846 42466846 - 4096 50543 22_42416303 chr22 42416303 42416303 356 314.403 0.961024 242.538 8.64224e-23 0.95126 0.00497512 3.0099e-17
ENSG00000177096.4 chr22 42470255 42470255 + 4108 -88529 22_42381726 chr22 42381726 42381726 356 279.307 1.09701 151.288 2.1714e-05 0.12759 0.00995025 0.0169756
ENSG00000183172.8 chr22 42475695 42475695 + 4119 -9186 22_42466509 chr22 42466509 42466509 356 279.881 1.10367 136.786 5.93881e-79 3.58377 0.00497512 1.65112e-66
ENSG00000270083.1 chr22 42486032 42486032 - 4130 -844375 22_43330407 chr22 43330407 43330407 356 274.909 1.15061 149.469 0.00350424 -0.127915 0.761194 0.740142
ENSG00000237037.5 chr22 42486935 42486935 + 4130 32295 22_42519230 chr22 42519230 42519230 356 313.169 0.993367 236.973 0.000196327 -0.012445 0.114428 0.109232
ENSG00000184983.5 chr22 42486959 42486959 - 4130 -148367 22_42635326 chr22 42635326 42635326 356 298.098 0.880935 166.452 6.4992e-31 8.95372 0.00497512 3.81198e-21
ENSG00000213790.2 chr22 42504957 42504957 - 4172 -207705 22_42712662 chr22 42712662 42712662 356 297.403 0.985657 204.019 0.00397993 -0.540432 0.830846 0.82841
ENSG00000100197.16 chr22 42526908 42526908 - 4197 -13643 22_42540551 chr22 42540551 42540551 356 279.672 1.02645 159.408 9.78562e-17 -0.0435342 0.00497512 1.5058e-11
ENSG00000227370.1 chr22 42528550 42528550 + 4198 572029 22_43100579 chr22 43100579 43100579 356 319.496 0.916926 231.262 0.00168442 0.0479985 0.552239 0.533445
ENSG00000232710.1 chr22 42535938 42535938 - 4203 7370 22_42528568 chr22 42528568 42528568 356 314.594 0.912452 230.193 2.3057e-06 -0.0269145 0.00995025 0.00366307
ENSG00000205702.6 chr22 42540576 42540576 - 4203 -170427 22_42711003 chr22 42711003 42711003 356 295.108 1.1108 196.892 0.000350239 0.0280876 0.154229 0.160578
ENSG00000226450.2 chr22 42551007 42551007 - 4216 829663 22_41721344 chr22 41721344 41721344 356 276.282 1.14086 150.362 0.00116476 0.0312953 0.41791 0.40577
