ENSG00000273300.1 chr22 19441702 19441702 + 4590 52372 22_19494074 chr22 19494074 19494074 356 301.679 1.06345 511.488 0.000333274 0.376229 0.373134 0.357467
ENSG00000273212.1 chr22 19444026 19444026 + 4580 233731 22_19677757 chr22 19677757 19677757 356 293.63 1.18487 424.936 0.000120992 0.343811 0.114428 0.125326
ENSG00000070010.14 chr22 19466738 19466738 - 4470 503 22_19466235 chr22 19466235 19466235 356 255.006 0.934682 240.194 3.50709e-06 -0.281373 0.039801 0.0272786
ENSG00000093009.5 chr22 19466982 19466982 + 4472 13978 22_19480960 chr22 19480960 19480960 356 306.998 0.997915 547.927 0.0011015 0.281703 0.746269 0.739323
ENSG00000184702.13 chr22 19701987 19701987 + 4030 482489 22_20184476 chr22 20184476 20184476 356 335.367 0.999789 685.035 0.00343964 0.015715 0.955224 0.955169
ENSG00000203618.5 chr22 19710468 19710468 + 4049 7152 22_19717620 chr22 19717620 19717620 356 259.63 1.07711 223.172 0.00106575 -0.0191285 0.651741 0.657546
ENSG00000235776.2 chr22 19779817 19779817 + 4190 -126815 22_19653002 chr22 19653002 19653002 356 283.844 1.00127 287.582 0.00230928 0.584748 0.865672 0.847207
ENSG00000215012.4 chr22 19842419 19842419 - 4278 8393 22_19834026 chr22 19834026 19834026 356 307.832 1.06626 468.524 8.46821e-24 -0.271187 0.00497512 2.75813e-19
ENSG00000185838.9 chr22 19842462 19842462 - 4278 7352 22_19835110 chr22 19835110 19835110 356 291.388 1.07362 343.1 1.4761e-09 0.0897887 0.00497512 6.61412e-06
ENSG00000232926.1 chr22 19874812 19874812 + 4295 -61839 22_19812973 chr22 19812973 19812973 356 271.502 1.10398 327.507 6.92778e-05 0.0381086 0.0995025 0.122071
ENSG00000093010.7 chr22 19929130 19929130 + 4214 -1038 22_19928092 chr22 19928092 19928092 356 330.187 1.0677 733.849 2.1395e-27 0.757561 0.00497512 3.69692e-24
ENSG00000184470.15 chr22 19929341 19929341 - 4215 41195 22_19888146 chr22 19888146 19888146 356 313.812 1.01373 415.187 1.7559e-17 -0.207336 0.00497512 3.84135e-13
ENSG00000265087.1 chr22 19951276 19951276 + 4217 -5 22_19951271 chr22 19951271 19951271 356 286.434 1.01912 291.405 3.80873e-51 -2.77957 0.00497512 9.37388e-40
ENSG00000099889.9 chr22 20004331 20004331 - 4233 -1813 22_20006144 chr22 20006144 20006144 356 309.64 0.911091 419.386 0.000260704 -0.0257914 0.303483 0.283047
ENSG00000183597.11 chr22 20004537 20004537 + 4234 21988 22_20026525 chr22 20026525 20026525 356 320.939 1.03275 443.707 3.67518e-20 -0.291657 0.00497512 3.54745e-16
ENSG00000268292.1 chr22 20053228 20053228 - 4243 26703 22_20026525 chr22 20026525 20026525 356 323.929 1.03592 565.505 1.60887e-08 -0.672555 0.00497512 2.7471e-05
ENSG00000128191.9 chr22 20067755 20067755 + 4237 -9949 22_20057806 chr22 20057806 20057806 356 331.125 0.999189 656.103 5.20392e-08 0.182064 0.00497512 0.000100419
ENSG00000266567.1 chr22 20073269 20073269 + 4224 -268006 22_19805263 chr22 19805263 19805263 356 301.279 0.994155 362.518 0.00278742 0.422078 0.895522 0.886212
ENSG00000221366.1 chr22 20073581 20073581 + 4225 413255 22_20486836 chr22 20486836 20486836 356 318.992 0.912801 434.131 0.000242203 0.49491 0.223881 0.236646
ENSG00000099901.12 chr22 20103461 20103461 + 4180 -364439 22_19739022 chr22 19739022 19739022 356 309.64 0.896985 440.552 0.00133582 0.449663 0.726368 0.744875
ENSG00000099899.10 chr22 20104915 20104915 - 4178 96 22_20104819 chr22 20104819 20104819 356 292.9 0.969803 419.07 1.35953e-07 -0.334201 0.00497512 0.000924335
ENSG00000264346.1 chr22 20113925 20113925 + 4181 -473981 22_19639944 chr22 19639944 19639944 356 313.655 1.12804 520.133 0.00209675 0.57656 0.81592 0.839273
ENSG00000099904.11 chr22 20116979 20116979 + 4178 -90454 22_20026525 chr22 20026525 20026525 356 300.132 0.943314 382.164 9.71733e-05 0.111469 0.134328 0.142406
ENSG00000234409.4 chr22 20138399 20138399 - 4177 781210 22_19357189 chr22 19357189 19357189 356 311.222 0.9176 430.284 0.00105023 0.0180636 0.646766 0.647095
ENSG00000236499.2 chr22 20193920 20193920 + 4116 -319711 22_19874209 chr22 19874209 19874209 356 328.605 1.01699 520.087 0.000405098 0.0185422 0.273632 0.290002
ENSG00000040608.9 chr22 20270769 20270769 - 4103 -380062 22_20650831 chr22 20650831 20650831 356 283.896 0.935545 334.3 0.000929755 0.0226669 0.681592 0.674765
ENSG00000273343.1 chr22 20306272 20306272 - 4111 126201 22_20180071 chr22 20180071 20180071 356 325.997 1.05641 475.389 0.000577899 0.0768714 0.328358 0.348792
ENSG00000128185.5 chr22 20307603 20307603 - 4113 13978 22_20293625 chr22 20293625 20293625 356 345.553 1.03613 750.987 1.46573e-12 -0.720624 0.00497512 1.11913e-09
ENSG00000273139.1 chr22 20308262 20308262 + 4113 -540763 22_19767499 chr22 19767499 19767499 356 290.31 1.05275 318.088 0.00267937 -0.0283532 0.880597 0.872034
ENSG00000206176.5 chr22 20378814 20378814 + 4278 111847 22_20490661 chr22 20490661 20490661 356 244.281 0.944501 177.651 1.76259e-32 -0.184791 0.00497512 1.97137e-19
ENSG00000215513.7 chr22 20427835 20427835 - 4361 -45583 22_20473418 chr22 20473418 20473418 356 307.363 0.976991 373.4 2.50904e-58 -0.585619 0.00497512 6.26307e-47
ENSG00000196622.6 chr22 20461786 20461786 - 4407 821842 22_19639944 chr22 19639944 19639944 356 284.226 0.896582 389.336 0.000558436 0.0169823 0.587065 0.599299
ENSG00000161133.12 chr22 20745048 20745048 - 3916 -97914 22_20842962 chr22 20842962 20842962 356 302.079 0.994248 401.008 0.000120006 0.0293867 0.149254 0.148966
ENSG00000185252.13 chr22 20748405 20748405 + 3914 135233 22_20883638 chr22 20883638 20883638 356 290.832 0.97579 361.28 0.000108968 -0.0599237 0.174129 0.164985
ENSG00000244486.3 chr22 20792146 20792146 - 3829 -523337 22_21315483 chr22 21315483 21315483 356 351.394 0.913736 768.721 0.00107729 0.0163581 0.60199 0.629982
ENSG00000215493.3 chr22 20804409 20804409 + 3818 162924 22_20967333 chr22 20967333 20967333 356 326.814 0.874226 533.013 0.0012642 -0.0465518 0.716418 0.709914
ENSG00000236670.1 chr22 20838392 20838392 - 3800 941188 22_19897204 chr22 19897204 19897204 356 364.604 0.852596 998.374 0.000930474 0.0236487 0.60199 0.623559
ENSG00000099910.12 chr22 20850170 20850170 - 3794 895013 22_19955157 chr22 19955157 19955157 356 320.835 0.96955 448.45 0.00107957 -0.156006 0.58209 0.590786
