ENSG00000099992.11 chr22 30723035 30723035 - 3715 -365891 22_31088926 chr22 31088926 31088926 356 261.368 1.09543 132.887 0.000293754 0.0878 0.20398 0.188876
ENSG00000187860.6 chr22 30752624 30752624 + 3723 -283 22_30752341 chr22 30752341 30752341 356 244.993 1.24881 113.233 1.29491e-06 -0.0407158 0.00497512 0.0017155
ENSG00000099995.14 chr22 30752936 30752936 - 3723 -67614 22_30820550 chr22 30820550 30820550 356 317.793 0.978881 241.367 3.74958e-05 -0.456983 0.039801 0.0256203
ENSG00000100003.13 chr22 30792846 30792846 + 3705 68 22_30792914 chr22 30792914 30792914 356 266.965 1.0786 134.98 7.1906e-08 -0.0749133 0.00497512 0.000220072
ENSG00000249590.3 chr22 30805244 30805244 + 3693 61227 22_30866471 chr22 30866471 30866471 356 289.928 1.01327 197.263 3.4887e-07 2.05557 0.00497512 0.000764502
ENSG00000268538.1 chr22 30814469 30814469 - 3662 -496706 22_31311175 chr22 31311175 31311175 356 292.883 0.911186 149.983 0.0011059 -0.0487028 0.452736 0.416396
ENSG00000273350.1 chr22 30816501 30816501 + 3660 297323 22_31113824 chr22 31113824 31113824 356 273.101 1.02044 128.141 0.000364022 0.0800436 0.223881 0.197912
ENSG00000272689.1 chr22 30817525 30817525 - 3660 -266743 22_31084268 chr22 31084268 31084268 356 301.018 0.95321 189.348 2.25027e-05 0.136949 0.0298507 0.0224555
ENSG00000099999.10 chr22 30817760 30817760 - 3659 -2790 22_30820550 chr22 30820550 30820550 356 272.302 1.0384 129.053 2.90463e-05 -0.0704765 0.0199005 0.0280922
ENSG00000242114.1 chr22 30821518 30821518 + 3656 44953 22_30866471 chr22 30866471 30866471 356 260.673 1.02365 126.783 1.68766e-07 2.01714 0.00497512 0.000813995
ENSG00000273428.1 chr22 30831531 30831531 + 3638 250382 22_31081913 chr22 31081913 31081913 356 271.085 1.0867 136.677 0.000397383 0.0651814 0.199005 0.204783
ENSG00000128242.8 chr22 30970574 30970574 - 3525 91292 22_30879282 chr22 30879282 30879282 356 238.701 0.940682 88.2798 0.000638865 0.0231799 0.38806 0.397765
ENSG00000185339.4 chr22 31002825 31002825 + 3463 6995 22_31009820 chr22 31009820 31009820 356 241.934 1.07372 92.6497 1.1371e-11 -0.739915 0.00497512 7.57978e-07
ENSG00000100029.13 chr22 31003070 31003070 - 3464 9136 22_30993934 chr22 30993934 30993934 356 316.611 1.07553 209.556 3.77923e-29 -1.0846 0.00497512 1.54716e-25
ENSG00000100036.11 chr22 31031639 31031639 + 3475 5566 22_31037205 chr22 31037205 31037205 356 267.243 1.04917 145.131 2.34442e-08 -0.111532 0.00497512 0.000122669
ENSG00000250318.1 chr22 31050801 31050801 - 3460 -35479 22_31086280 chr22 31086280 31086280 356 266.096 1.2016 138.446 3.88821e-05 -0.0988146 0.0149254 0.0253622
ENSG00000167065.9 chr22 31063877 31063877 - 3452 -22403 22_31086280 chr22 31086280 31086280 356 280.628 1.07049 170.91 6.11715e-15 -0.108341 0.00497512 1.63795e-10
ENSG00000184792.11 chr22 31089769 31089769 + 3438 348728 22_31438497 chr22 31438497 31438497 356 296.516 0.955681 150.75 0.000252285 -0.039885 0.144279 0.132756
ENSG00000237977.1 chr22 31298206 31298206 + 3262 -995931 22_30302275 chr22 30302275 30302275 356 291.631 1.10346 177.237 0.000180721 -0.10628 0.0845771 0.0897987
ENSG00000133422.8 chr22 31364284 31364284 - 3271 414464 22_30949820 chr22 30949820 30949820 356 277.673 1.12745 144.576 0.000637229 -0.103011 0.278607 0.254861
ENSG00000253352.4 chr22 31366663 31366663 + 3281 -148530 22_31218133 chr22 31218133 31218133 356 289.337 1.01995 163.422 0.00799046 0.28952 0.945274 0.934991
ENSG00000269972.1 chr22 31373844 31373844 - 3293 507464 22_30866380 chr22 30866380 30866380 356 276.839 0.939953 128.521 0.00230455 -1.22008 0.631841 0.632032
ENSG00000269987.1 chr22 31374834 31374834 - 3290 394331 22_30980503 chr22 30980503 30980503 356 319.148 0.949353 229.285 0.000697181 -1.13931 0.288557 0.28564
ENSG00000183963.14 chr22 31460091 31460091 + 3435 30638 22_31490729 chr22 31490729 31490729 356 300.688 1.00568 192.446 0.00018113 -0.0433131 0.109453 0.104213
ENSG00000273387.1 chr22 31479551 31479551 - 3460 -599752 22_32079303 chr22 32079303 32079303 356 326.154 1.07724 371.344 0.00202358 -0.0415313 0.686567 0.657653
ENSG00000198832.6 chr22 31516055 31516055 - 3456 8717 22_31507338 chr22 31507338 31507338 356 299.315 1.05194 175.13 1.66405e-07 0.1335 0.00497512 0.000179319
ENSG00000185133.9 chr22 31518717 31518717 + 3458 -588812 22_30929905 chr22 30929905 30929905 356 247.531 0.903223 101.047 0.00410847 0.0277749 0.835821 0.844408
ENSG00000138942.11 chr22 31556168 31556168 + 3490 31554 22_31587722 chr22 31587722 31587722 356 289.059 1.12135 169.339 6.74411e-18 -0.543558 0.00497512 4.74056e-14
ENSG00000254835.1 chr22 31601602 31601602 - 3587 5855 22_31595747 chr22 31595747 31595747 356 309.675 0.939345 208.07 2.25524e-13 -1.92842 0.00497512 5.8215e-09
ENSG00000182541.13 chr22 31608225 31608225 + 3607 -31324 22_31576901 chr22 31576901 31576901 356 295.456 1.09806 193.476 1.41145e-05 -0.164761 0.00995025 0.00929761
ENSG00000100100.8 chr22 31688520 31688520 - 3722 171463 22_31517057 chr22 31517057 31517057 356 282.957 1.09849 178.125 0.000714083 0.147427 0.333333 0.320709
ENSG00000228839.1 chr22 31731335 31731335 + 3951 -439789 22_31291546 chr22 31291546 31291546 356 244.35 1.18222 116.675 0.00474125 0.0358129 0.865672 0.863197
ENSG00000100105.13 chr22 31742218 31742218 - 3981 735516 22_31006702 chr22 31006702 31006702 356 333.906 0.998195 317.795 0.000909039 -0.142698 0.353234 0.342767
ENSG00000213888.2 chr22 31742875 31742875 + 3984 -55562 22_31687313 chr22 31687313 31687313 356 325.215 0.87638 253.297 0.00027183 0.0813157 0.18408 0.162271
ENSG00000185721.7 chr22 31795509 31795509 + 4013 201116 22_31996625 chr22 31996625 31996625 356 317.149 0.978037 282.377 1.03189e-05 0.383787 0.0149254 0.00991026
ENSG00000240591.1 chr22 31850237 31850237 + 4100 754262 22_32604499 chr22 32604499 32604499 356 328.205 1.02419 310.997 0.000413871 0.339754 0.218905 0.18601
ENSG00000224623.1 chr22 31857650 31857650 + 4103 85259 22_31942909 chr22 31942909 31942909 356 308.145 0.985272 258.522 7.74905e-05 0.325714 0.0696517 0.062208
ENSG00000198089.10 chr22 31884674 31884674 + 4100 40399 22_31925073 chr22 31925073 31925073 356 236.58 1.39364 134.558 3.98879e-14 0.276063 0.00497512 1.35809e-10
