ENSG00000099917.13 chr22 20850200 20850200 + 3793 13685 22_20863885 chr22 20863885 20863885 356 305.381 0.886599 473.124 5.61147e-06 -0.42482 0.0298507 0.0211251
ENSG00000226287.3 chr22 21055220 21055220 + 3479 351710 22_21406930 chr22 21406930 21406930 356 319.583 1.04697 542.99 0.000563639 0.0252268 0.402985 0.423105
ENSG00000234252.1 chr22 21077335 21077335 + 3486 -450070 22_20627265 chr22 20627265 20627265 356 348.299 0.998151 737.088 0.00532527 0.010714 0.985075 0.986772
ENSG00000099937.6 chr22 21128167 21128167 + 3411 188091 22_21316258 chr22 21316258 21316258 356 267.435 0.93406 222.235 2.46286e-05 0.201793 0.0845771 0.0689131
ENSG00000099940.7 chr22 21213271 21213271 + 3204 -170302 22_21042969 chr22 21042969 21042969 356 334.741 0.901586 624.076 1.31752e-26 -0.961209 0.00497512 3.54613e-20
ENSG00000241973.6 chr22 21213705 21213705 - 3203 146775 22_21066930 chr22 21066930 21066930 356 293.648 1.06391 337.143 3.05527e-10 -0.203721 0.00497512 1.59434e-06
ENSG00000272600.1 chr22 21245502 21245502 - 3175 55125 22_21190377 chr22 21190377 21190377 356 298.95 1.09252 368.383 1.45471e-27 -1.58671 0.00497512 1.02745e-22
ENSG00000099942.8 chr22 21271714 21271714 + 3174 299033 22_21570747 chr22 21570747 21570747 356 275.205 0.864707 253.839 0.0010296 0.780617 0.686567 0.688733
ENSG00000237476.1 chr22 21311380 21311380 + 3183 98239 22_21409619 chr22 21409619 21409619 356 317.062 1.02081 474.064 0.000514482 0.068897 0.393035 0.38153
ENSG00000183773.11 chr22 21319396 21319396 + 3200 -372122 22_20947274 chr22 20947274 20947274 356 332.099 0.994598 426.733 0.00441542 -0.00688261 0.890547 0.923048
ENSG00000099949.14 chr22 21333751 21333751 + 3211 2798 22_21336549 chr22 21336549 21336549 356 332.22 0.943496 505.984 5.90746e-11 -0.213513 0.00497512 3.24641e-07
ENSG00000272829.1 chr22 21336044 21336044 - 3216 -505 22_21336549 chr22 21336549 21336549 356 325.615 0.995152 455.444 9.49397e-07 -0.0917186 0.00497512 0.00130168
ENSG00000184436.7 chr22 21356485 21356485 - 3240 -114432 22_21470917 chr22 21470917 21470917 356 329.004 0.996781 439.607 4.25889e-05 0.326148 0.0348259 0.036424
ENSG00000099957.12 chr22 21364097 21364097 + 3245 54093 22_21418190 chr22 21418190 21418190 356 299.697 0.99371 282.736 7.6949e-05 -0.00514881 0.0845771 0.0793012
ENSG00000224688.1 chr22 21496660 21496660 - 3616 137606 22_21359054 chr22 21359054 21359054 356 313.238 1.01414 368.602 0.000433903 -0.0289864 0.298507 0.293278
ENSG00000196934.3 chr22 21737663 21737663 + 4639 -166916 22_21570747 chr22 21570747 21570747 356 287.686 1.13605 375.95 9.74998e-05 0.00657826 0.129353 0.117105
ENSG00000169635.5 chr22 21771693 21771693 + 4685 -809004 22_20962689 chr22 20962689 20962689 356 289.337 1.09179 380.461 0.000988333 0.0752998 0.656716 0.642854
ENSG00000206140.5 chr22 21820712 21820712 + 4628 23603 22_21844315 chr22 21844315 21844315 356 342.215 0.919469 630.725 0.000938667 0.0111383 0.587065 0.564342
ENSG00000183506.12 chr22 21871822 21871822 - 4681 49460 22_21822362 chr22 21822362 21822362 356 349.951 0.979374 766.81 1.78951e-23 -0.118506 0.00497512 8.22459e-20
ENSG00000185651.10 chr22 21903736 21903736 + 4777 -585184 22_21318552 chr22 21318552 21318552 356 330.447 1.01378 574.264 0.00219179 0.196639 0.810945 0.834967
ENSG00000161179.9 chr22 21984353 21984353 - 4864 2013 22_21982340 chr22 21982340 21982340 356 340.008 0.928681 669.948 1.96001e-05 -0.415711 0.0298507 0.0271923
ENSG00000161180.6 chr22 21987005 21987005 + 4867 1519 22_21988524 chr22 21988524 21988524 356 292.935 1.02342 344.63 1.7639e-05 0.0120978 0.0248756 0.0306163
ENSG00000128228.4 chr22 21996550 21996550 + 4895 -750697 22_21245853 chr22 21245853 21245853 356 331.386 0.888421 573.11 0.00245432 -1.72353 0.880597 0.887812
ENSG00000100023.13 chr22 22006559 22006559 + 4899 43224 22_22049783 chr22 22049783 22049783 356 304.599 0.949716 368.667 7.75819e-33 0.360872 0.00497512 1.69777e-24
ENSG00000272954.1 chr22 22016223 22016223 + 4916 971724 22_22987947 chr22 22987947 22987947 356 333.333 1.01858 680.456 0.000632594 0.0399504 0.467662 0.465325
ENSG00000100027.10 chr22 22090123 22090123 - 5072 -937888 22_23028011 chr22 23028011 23028011 356 289.076 1.01744 350.733 0.000190668 -0.08517 0.223881 0.230729
ENSG00000100030.10 chr22 22221970 22221970 - 5215 16617 22_22205353 chr22 22205353 22205353 356 303.521 1.00644 438.982 4.41329e-16 -0.5178 0.00497512 2.33645e-11
ENSG00000225544.1 chr22 22240012 22240012 - 5255 -950028 22_23190040 chr22 23190040 23190040 356 308.771 1.03323 508.727 0.000488301 -0.132555 0.452736 0.431331
ENSG00000224086.3 chr22 22292609 22292609 + 5323 21854 22_22314463 chr22 22314463 22314463 356 307.102 1.06164 584.52 2.11211e-13 -0.0408298 0.00497512 1.62479e-09
ENSG00000100034.9 chr22 22307209 22307209 - 5328 17812 22_22289397 chr22 22289397 22289397 356 287.338 1.05121 359.233 2.79494e-11 -0.116151 0.00497512 3.82779e-07
ENSG00000100038.15 chr22 22337213 22337213 - 5308 49351 22_22287862 chr22 22287862 22287862 356 350.611 0.900114 885.462 1.14889e-15 -0.181895 0.00497512 2.60134e-11
ENSG00000197549.5 chr22 22349825 22349825 - 5301 -878004 22_23227829 chr22 23227829 23227829 356 235.155 0.88586 214.891 7.95726e-05 -0.289971 0.323383 0.305423
ENSG00000253239.1 chr22 22380474 22380474 + 5256 313419 22_22693893 chr22 22693893 22693893 356 149.179 0.92386 83.916 0.000172706 -6.0103 0.736318 0.74975
ENSG00000211637.2 chr22 22385332 22385332 + 5253 330446 22_22715778 chr22 22715778 22715778 356 173.689 0.979528 104.914 1.73174e-07 61.0606 0.0348259 0.0297227
ENSG00000253794.1 chr22 22398016 22398016 + 5221 -109 22_22397907 chr22 22397907 22397907 356 303.573 0.864579 484.322 8.88085e-07 -0.0975538 0.0149254 0.00642132
ENSG00000211638.2 chr22 22453110 22453110 + 5138 533623 22_22986733 chr22 22986733 22986733 356 174.749 1.00851 104.034 8.17954e-06 35.8462 0.159204 0.167087
ENSG00000182502.2 chr22 22472374 22472374 - 5142 6830 22_22465544 chr22 22465544 22465544 356 279.933 0.847034 364.245 1.52924e-06 -0.115094 0.0298507 0.0164851
ENSG00000211639.2 chr22 22516592 22516592 + 5224 -7796 22_22508796 chr22 22508796 22508796 356 117.942 1.1109 61.1388 0.000162568 18.6343 0.825871 0.819055
