ENSG00000211685.2 chr22 23264766 23264766 + 6856 -46500 22_23218266 chr22 23218266 23218266 356 112.223 0.982019 42.816 7.74635e-05 67.5859 0.686567 0.693447
ENSG00000128266.7 chr22 23412540 23412540 + 6959 -513648 22_22898892 chr22 22898892 22898892 356 242.681 1.01184 223.877 9.93904e-06 -0.0553865 0.0597015 0.0555093
ENSG00000100218.7 chr22 23487208 23487208 - 6724 28631 22_23458577 chr22 23458577 23458577 356 294.587 0.991742 419.767 0.00099991 -0.0130547 0.706468 0.690321
ENSG00000100228.8 chr22 23487513 23487513 + 6720 19246 22_23506759 chr22 23506759 23506759 356 274.196 1.00736 355.044 1.66665e-05 -0.090144 0.0597015 0.0533262
ENSG00000186716.15 chr22 23521891 23521891 + 6553 20208 22_23542099 chr22 23542099 23542099 356 283.218 1.13224 467.005 3.63303e-06 -0.296794 0.00497512 0.00920382
ENSG00000230701.1 chr22 23605323 23605323 + 6119 202258 22_23807581 chr22 23807581 23807581 356 295.629 0.961107 377.454 0.000112079 0.0331527 0.18408 0.164412
ENSG00000227755.1 chr22 23788785 23788785 + 5624 -23520 22_23765265 chr22 23765265 23765265 356 298.098 1.01596 450.084 0.000420769 -0.0352149 0.467662 0.423215
ENSG00000178248.10 chr22 23829167 23829167 - 5558 -93385 22_23922552 chr22 23922552 23922552 356 269.66 1.16603 298.297 4.77568e-05 0.0337572 0.079602 0.073297
ENSG00000211683.3 chr22 23981128 23981128 - 5125 -12898 22_23994026 chr22 23994026 23994026 356 352.993 0.883865 769.989 7.74714e-16 -0.176409 0.00497512 2.09733e-11
ENSG00000234353.2 chr22 23982949 23982949 - 5122 -28771 22_24011720 chr22 24011720 24011720 356 313.951 1.04577 418.948 4.23027e-20 -0.45654 0.00497512 5.82896e-16
ENSG00000244723.3 chr22 23995521 23995521 - 5082 4101 22_23991420 chr22 23991420 23991420 356 283.357 1.1356 346.567 5.12256e-10 -0.109143 0.00497512 2.0256e-06
ENSG00000159496.10 chr22 24030323 24030323 + 5002 -2137 22_24028186 chr22 24028186 24028186 356 302.6 1.00784 371.39 1.4347e-05 0.0594826 0.0298507 0.0225595
ENSG00000273000.1 chr22 24059534 24059534 - 4879 25246 22_24034288 chr22 24034288 24034288 356 295.821 1.10662 313.837 8.11161e-13 0.135721 0.00497512 3.08711e-09
ENSG00000272578.1 chr22 24059543 24059543 - 4879 51134 22_24008409 chr22 24008409 24008409 356 405.489 0.834951 1422.14 2.43914e-12 -0.170655 0.00497512 5.02203e-09
ENSG00000228315.7 chr22 24059543 24059543 - 4879 31131 22_24028412 chr22 24028412 24028412 356 297.368 0.987939 312.469 1.7101e-15 0.134696 0.00497512 1.43774e-10
ENSG00000270041.1 chr22 24081476 24081476 - 4899 882372 22_23199104 chr22 23199104 23199104 356 320.261 1.08864 589.381 0.000658706 0.0737725 0.437811 0.475862
ENSG00000187792.3 chr22 24093279 24093279 - 4881 432355 22_23660924 chr22 23660924 23660924 356 337.279 0.989585 517.906 0.00177614 0.0399265 0.696517 0.708435
ENSG00000128218.7 chr22 24096655 24096655 - 4883 -2829 22_24099484 chr22 24099484 24099484 356 315.585 1.04198 450.663 3.42439e-12 5.1609 0.00497512 1.20935e-08
ENSG00000169314.10 chr22 24105208 24105208 + 4842 3080 22_24108288 chr22 24108288 24108288 356 297.368 0.963336 388.709 5.47728e-05 0.0433635 0.104478 0.0939035
ENSG00000099953.5 chr22 24110413 24110413 + 4787 900907 22_25011320 chr22 25011320 25011320 356 310.961 0.976571 415.658 0.000375892 -0.00902144 0.318408 0.320082
ENSG00000250479.4 chr22 24110630 24110630 - 4785 885537 22_23225093 chr22 23225093 23225093 356 299.402 0.90115 314.909 0.000981923 1.02009 0.58209 0.594216
ENSG00000267954.1 chr22 24126145 24126145 - 4780 882477 22_23243668 chr22 23243668 23243668 356 292.64 1.13948 349.923 0.000240116 0.0343554 0.18408 0.206555
ENSG00000099956.13 chr22 24129150 24129150 + 4773 16168 22_24145318 chr22 24145318 24145318 356 311.517 1.04353 454.089 9.94781e-14 -5.19328 0.00497512 6.24684e-10
ENSG00000099958.10 chr22 24181315 24181315 - 4848 591832 22_23589483 chr22 23589483 23589483 356 279.55 1.01351 257.763 0.00594868 -0.245963 0.9801 0.978022
ENSG00000133460.15 chr22 24198890 24198890 + 4883 4856 22_24203746 chr22 24203746 24203746 356 288.989 1.14066 351.133 4.32391e-23 -0.208922 0.00497512 9.73318e-19
ENSG00000251357.4 chr22 24204375 24204375 + 4871 64983 22_24269358 chr22 24269358 24269358 356 342.876 1.06396 773.373 0.00187505 -12.4544 0.81592 0.811385
ENSG00000244425.2 chr22 24221977 24221977 - 4919 -444260 22_24666237 chr22 24666237 24666237 356 275.187 1.10715 249.622 0.000123471 -0.0749263 0.134328 0.133288
ENSG00000240972.1 chr22 24236191 24236191 + 4952 -26141 22_24210050 chr22 24210050 24210050 356 302.148 1.04364 377.402 0.000959396 -13.5414 0.577114 0.569058
ENSG00000218537.1 chr22 24241117 24241117 - 4950 31067 22_24210050 chr22 24210050 24210050 356 300.983 0.982214 351.324 0.00100849 -10.1254 0.587065 0.593464
ENSG00000273295.1 chr22 24249255 24249255 - 4934 -17699 22_24266954 chr22 24266954 24266954 356 321.512 0.966839 441.794 4.90294e-64 0.162907 0.00497512 1.54017e-53
ENSG00000225282.1 chr22 24269087 24269087 + 4924 29093 22_24298180 chr22 24298180 24298180 356 272.441 0.954515 210.252 1.7708e-19 0.0359721 0.00497512 2.23717e-12
ENSG00000099974.7 chr22 24309089 24309089 + 4921 4917 22_24314006 chr22 24314006 24314006 356 321.182 0.941218 413.64 1.53994e-15 -1.05759 0.00497512 6.67402e-11
ENSG00000272787.1 chr22 24311400 24311400 + 4927 -56192 22_24255208 chr22 24255208 24255208 356 295.334 1.03151 313.518 5.16469e-24 -0.209552 0.00497512 3.11586e-18
ENSG00000099977.9 chr22 24322660 24322660 - 4941 8654 22_24314006 chr22 24314006 24314006 356 312.334 1.14575 454.149 4.57011e-14 -1.1777 0.00497512 3.16946e-11
ENSG00000235231.3 chr22 24373117 24373117 + 4902 -38169 22_24334948 chr22 24334948 24334948 356 328.327 0.899744 545.411 6.16134e-51 -1.0746 0.00497512 5.56618e-40
ENSG00000184674.8 chr22 24384680 24384680 - 4896 49732 22_24334948 chr22 24334948 24334948 356 301.922 1.0867 361.171 1.68369e-67 -2.06354 0.00497512 1.13281e-59
ENSG00000099991.12 chr22 24407642 24407642 + 4931 -900883 22_23506759 chr22 23506759 23506759 356 304.842 1.0418 406.029 0.000379679 0.211477 0.323383 0.316593
ENSG00000232545.1 chr22 24497652 24497652 + 4980 -163904 22_24333748 chr22 24333748 24333748 356 294.778 0.984199 346.517 0.00212938 0.0399292 0.865672 0.839608
ENSG00000099994.10 chr22 24577227 24577227 + 4993 897525 22_25474752 chr22 25474752 25474752 356 173.533 0.817897 84.0471 1.78564e-05 0.0289689 0.308458 0.29214
