ENSG00000211640.3 chr22 22550113 22550113 + 5277 862077 22_23412190 chr22 23412190 23412190 356 183.806 1.01109 119.277 4.7839e-05 27.7589 0.353234 0.336834
ENSG00000211642.2 chr22 22569184 22569184 + 5265 672334 22_23241518 chr22 23241518 23241518 356 166.927 0.909034 82.4377 1.262e-05 8.11023 0.228856 0.246392
ENSG00000272216.1 chr22 22641586 22641586 - 5365 -441109 22_23082695 chr22 23082695 23082695 356 330.482 0.909793 623.041 3.65052e-06 -0.0620431 0.00995025 0.00845687
ENSG00000234630.1 chr22 22648098 22648098 + 5374 -36080 22_22612018 chr22 22612018 22612018 356 266.652 1.11193 243.604 3.60245e-05 0.0778032 0.0696517 0.0588977
ENSG00000272779.1 chr22 22657589 22657589 + 5410 3566 22_22661155 chr22 22661155 22661155 356 330.082 0.980918 613.223 3.18247e-18 -2.59919 0.00497512 5.84624e-14
ENSG00000236850.4 chr22 22657589 22657589 + 5410 567548 22_23225137 chr22 23225137 23225137 356 188.412 0.893996 125.761 4.37109e-06 18.3107 0.149254 0.132967
ENSG00000211643.2 chr22 22673082 22673082 + 5518 -11932 22_22661150 chr22 22661150 22661150 356 194.827 0.937917 107.812 5.01283e-06 0.889288 0.0995025 0.0920346
ENSG00000211644.2 chr22 22676828 22676828 + 5538 548309 22_23225137 chr22 23225137 23225137 356 180.868 0.821032 85.9823 2.35353e-05 147.657 0.263682 0.282376
ENSG00000223350.2 chr22 22697539 22697539 + 5546 -868190 22_21829349 chr22 21829349 21829349 356 174.697 0.915272 84.9392 0.000160265 -13.9333 0.522388 0.546138
ENSG00000211648.2 chr22 22712087 22712087 + 5574 -353077 22_22359010 chr22 22359010 22359010 356 167.101 0.941951 77.1054 8.95346e-05 19.0195 0.462687 0.461669
ENSG00000211649.2 chr22 22723982 22723982 + 5583 934169 22_23658151 chr22 23658151 23658151 356 114.327 1.0546 44.6912 9.94507e-06 89.418 0.437811 0.401665
ENSG00000211650.2 chr22 22730355 22730355 + 5584 -329139 22_22401216 chr22 22401216 22401216 356 151.648 0.798588 78.9151 1.1007e-06 -17.7826 0.208955 0.184211
ENSG00000211651.2 chr22 22735135 22735135 + 5611 -113813 22_22621322 chr22 22621322 22621322 356 212.974 0.801969 117.381 3.44875e-05 -21.9495 0.21393 0.230358
ENSG00000211652.2 chr22 22749356 22749356 + 5715 396226 22_23145582 chr22 23145582 23145582 356 82.916 1.14382 29.3837 3.14646e-06 146.117 0.532338 0.456298
ENSG00000211653.2 chr22 22764098 22764098 + 5826 -415010 22_22349088 chr22 22349088 22349088 356 239.205 0.976509 219.792 0.00795603 -24.1993 1 0.998741
ENSG00000198477.3 chr22 22863505 22863505 - 6137 18265 22_22845240 chr22 22845240 22845240 356 293.126 1.15256 457.109 0.00100156 -0.109532 0.681592 0.670702
ENSG00000185686.13 chr22 22901768 22901768 - 6299 353246 22_22548522 chr22 22548522 22548522 356 92.7547 1.06151 30.399 6.78635e-08 0.505927 0.164179 0.145658
ENSG00000211658.2 chr22 23010758 23010758 + 6508 988560 22_23999318 chr22 23999318 23999318 356 153.073 0.974736 81.4704 2.90449e-06 43.1015 0.154229 0.172243
ENSG00000211659.2 chr22 23029190 23029190 + 6558 -569442 22_22459748 chr22 22459748 22459748 356 197.243 0.968791 123.35 0.000770736 18.2073 0.78607 0.793798
ENSG00000211660.3 chr22 23040274 23040274 + 6537 879089 22_23919363 chr22 23919363 23919363 356 111.111 0.978682 39.6683 0.000320727 65.771 0.78607 0.842675
ENSG00000211662.2 chr22 23054174 23054174 + 6518 945144 22_23999318 chr22 23999318 23999318 356 182.485 0.874172 108.213 2.97048e-05 80.7515 0.318408 0.323154
ENSG00000211663.2 chr22 23063108 23063108 + 6520 807866 22_23870974 chr22 23870974 23870974 356 198.164 0.923783 150.859 4.71771e-05 -128.846 0.328358 0.342256
ENSG00000211666.2 chr22 23101189 23101189 + 6550 -397176 22_22704013 chr22 22704013 22704013 356 216.851 0.878776 153.501 1.08182e-05 73.8823 0.129353 0.123033
ENSG00000207833.1 chr22 23134977 23134977 + 6567 591292 22_23726269 chr22 23726269 23726269 356 173.846 0.936693 102.245 0.000126231 -91.6 0.577114 0.563709
ENSG00000211668.2 chr22 23134980 23134980 + 6567 -254168 22_22880812 chr22 22880812 22880812 356 178.556 0.928327 132.124 9.55151e-05 115.345 0.537313 0.568056
ENSG00000211669.2 chr22 23154244 23154244 + 6577 478617 22_23632861 chr22 23632861 23632861 356 105.913 1.20326 49.1373 1.46823e-06 55.9155 0.273632 0.26253
ENSG00000211670.2 chr22 23161507 23161507 + 6610 -723852 22_22437655 chr22 22437655 22437655 356 198.042 0.891329 127.676 1.51383e-05 6.09678 0.199005 0.189757
ENSG00000211671.2 chr22 23165153 23165153 + 6637 -319913 22_22845240 chr22 22845240 22845240 356 149.875 0.871977 102.047 1.31856e-06 -331.848 0.233831 0.212136
ENSG00000207836.1 chr22 23165270 23165270 + 6637 560458 22_23725728 chr22 23725728 23725728 356 149.875 1.0084 88.9148 5.44723e-06 -139.974 0.258706 0.244728
ENSG00000253234.1 chr22 23198937 23198937 + 6725 428432 22_23627369 chr22 23627369 23627369 356 228.219 0.767924 168.245 3.89274e-05 -7.50695 0.278607 0.255231
ENSG00000211673.2 chr22 23222886 23222886 + 6760 -185317 22_23037569 chr22 23037569 23037569 356 229.992 0.888856 186.047 0.0001104 73 0.358209 0.35176
ENSG00000254709.2 chr22 23229960 23229960 + 6769 971614 22_24201574 chr22 24201574 24201574 356 217.581 0.911962 166.339 0.000634348 235.987 0.746269 0.75079
ENSG00000211674.2 chr22 23235872 23235872 + 6791 -876862 22_22359010 chr22 22359010 22359010 356 284.452 1.23943 429.537 0.00019282 2.83646 0.218905 0.212464
ENSG00000211675.2 chr22 23237555 23237555 + 6790 964019 22_24201574 chr22 24201574 24201574 356 215.547 0.839426 142.463 0.00064926 681.664 0.761194 0.744749
ENSG00000211677.2 chr22 23243156 23243156 + 6816 694576 22_23937732 chr22 23937732 23937732 356 184.692 0.933266 135.186 0.000528133 260.261 0.800995 0.837772
ENSG00000211678.2 chr22 23247030 23247030 + 6817 567909 22_23814939 chr22 23814939 23814939 356 244.959 0.836739 224.996 0.00058779 0.44439 0.681592 0.697672
ENSG00000211679.2 chr22 23248512 23248512 + 6824 -423048 22_22825464 chr22 22825464 22825464 356 266.652 0.910045 268.915 2.32239e-05 243.53 0.109453 0.0863044
ENSG00000254030.1 chr22 23257805 23257805 + 6849 -9784 22_23248021 chr22 23248021 23248021 356 286.052 0.969319 494.203 8.14423e-06 0.473313 0.039801 0.0349402
ENSG00000222037.5 chr22 23261707 23261707 + 6853 114724 22_23376431 chr22 23376431 23376431 356 145.929 0.962511 83.7692 3.42222e-07 10.2793 0.114428 0.0986845
