ENSG00000215270.3 chr22 16122720 16122720 + 1496 95669 22_16218389 chr22 16218389 16218389 356 282.227 0.976303 124.993 0.00108578 0.0780388 0.378109 0.376893
ENSG00000237438.2 chr22 17517460 17517460 + 5095 25350 22_17542810 chr22 17542810 17542810 356 321.426 0.969422 579.806 1.1864e-25 -0.751804 0.00497512 6.1095e-20
ENSG00000273203.1 chr22 17548711 17548711 + 5170 -31323 22_17517388 chr22 17517388 17517388 356 334.602 1.02785 820.465 5.86611e-06 -0.140609 0.00995025 0.00792828
ENSG00000273442.1 chr22 17561591 17561591 + 5188 -8065 22_17553526 chr22 17553526 17553526 356 320.8 0.977649 659.354 0.000244522 0.134045 0.278607 0.290428
ENSG00000177663.9 chr22 17565844 17565844 + 5193 -52141 22_17513703 chr22 17513703 17513703 356 303.504 1.17257 558.531 8.03358e-14 -0.209617 0.00497512 9.28322e-11
ENSG00000183307.3 chr22 17602257 17602257 - 5230 14282 22_17587975 chr22 17587975 17587975 356 333.715 0.998121 739.37 1.56789e-07 -0.00776053 0.00497512 0.000287517
ENSG00000069998.8 chr22 17646177 17646177 - 5291 25748 22_17620429 chr22 17620429 17620429 356 275.413 1.07877 324.238 1.37287e-14 -1.51472 0.00497512 8.80216e-10
ENSG00000093072.11 chr22 17702879 17702879 - 5293 3249 22_17699630 chr22 17699630 17699630 356 258.761 1.07249 288.752 0.000578649 0.640374 0.61194 0.589446
ENSG00000099954.14 chr22 17840837 17840837 + 5435 -664900 22_17175937 chr22 17175937 17175937 356 229.453 0.89886 215.603 0.000866455 0.00673291 0.835821 0.832322
ENSG00000182902.9 chr22 18043139 18043139 + 5238 76622 22_18119761 chr22 18119761 18119761 356 310.092 1.01654 597.83 5.40023e-06 -0.0121382 0.00497512 0.0120114
ENSG00000131100.8 chr22 18111584 18111584 - 5272 33944 22_18077640 chr22 18077640 18077640 356 308.458 1.08057 593.093 3.70149e-34 -1.40042 0.00497512 3.53494e-29
ENSG00000099968.13 chr22 18111621 18111621 + 5272 590749 22_18702370 chr22 18702370 18702370 356 335.314 0.957487 878.062 9.3267e-05 0.191182 0.144279 0.136572
ENSG00000015475.14 chr22 18257536 18257536 - 5381 -26380 22_18283916 chr22 18283916 18283916 356 340.425 1.02244 974.774 1.57872e-07 -0.837213 0.00497512 0.00023665
ENSG00000269220.1 chr22 18260088 18260088 + 5389 1456 22_18261544 chr22 18261544 18261544 356 344.058 0.964929 1134.53 1.14253e-12 -0.767205 0.00497512 6.21656e-09
ENSG00000093100.13 chr22 18294263 18294263 - 5397 -189125 22_18483388 chr22 18483388 18483388 356 322.347 0.949182 758.26 3.61624e-18 0.556313 0.00497512 4.79157e-13
ENSG00000243156.3 chr22 18507325 18507325 - 5030 23937 22_18483388 chr22 18483388 18483388 356 276.561 0.940613 366.144 1.2578e-15 0.200958 0.00497512 2.37831e-09
ENSG00000225335.2 chr22 18560563 18560563 - 4997 -18140 22_18578703 chr22 18578703 18578703 356 292.344 1.0942 455.772 0.000281526 -0.136101 0.333333 0.322475
ENSG00000215193.8 chr22 18560689 18560689 + 4996 23031 22_18583720 chr22 18583720 18583720 356 290.867 1.11482 459.906 3.79053e-08 -0.958475 0.00497512 0.000114775
ENSG00000235617.1 chr22 18584378 18584378 + 5067 -59749 22_18524629 chr22 18524629 18524629 356 333.176 1.04892 889.837 4.18735e-05 0.116339 0.0646766 0.0545271
ENSG00000225225.1 chr22 18586415 18586415 - 5070 11700 22_18574715 chr22 18574715 18574715 356 330.847 1.08991 784.594 0.000556482 0.116428 0.477612 0.454613
ENSG00000183785.10 chr22 18593097 18593097 + 5075 -29810 22_18563287 chr22 18563287 18563287 356 256.501 1.11036 279.605 1.02934e-05 2.15891 0.0447761 0.0338769
ENSG00000184979.9 chr22 18632666 18632666 + 5048 -69379 22_18563287 chr22 18563287 18563287 356 361.962 1.05709 1267.17 0.00060323 1.46904 0.487562 0.470019
ENSG00000234764.2 chr22 18821207 18821207 + 4860 -101343 22_18719864 chr22 18719864 18719864 356 337.8 0.938721 692.057 0.00117809 0.0957985 0.676617 0.689865
ENSG00000183628.8 chr22 18893541 18893541 + 4879 -652634 22_18240907 chr22 18240907 18240907 356 284.105 1.10793 353.425 0.000107342 0.0507754 0.124378 0.13794
ENSG00000100033.12 chr22 18924066 18924066 - 4880 321 22_18923745 chr22 18923745 18923745 356 326.084 0.9917 713.669 5.75488e-06 0.0411504 0.0248756 0.0105378
ENSG00000273032.1 chr22 19005347 19005347 + 4810 95396 22_19100743 chr22 19100743 19100743 356 354.14 0.902368 931.761 6.2451e-09 -0.0135338 0.00497512 2.12856e-05
ENSG00000273311.1 chr22 19035888 19035888 - 4824 2923 22_19032965 chr22 19032965 19032965 356 335.575 1.02286 833.154 5.42584e-12 0.0705657 0.00497512 1.20016e-08
ENSG00000070413.14 chr22 19109967 19109967 - 4730 -19705 22_19129672 chr22 19129672 19129672 356 258.482 1.07074 338.288 1.47296e-06 0.217131 0.0149254 0.00986531
ENSG00000272682.1 chr22 19115962 19115962 - 4729 -792162 22_19908124 chr22 19908124 19908124 356 261.107 1.08904 241.092 0.00161825 0.0159386 0.79602 0.788424
ENSG00000206203.3 chr22 19118321 19118321 + 4738 16859 22_19135180 chr22 19135180 19135180 356 334.828 0.975926 705.251 0.00207089 0.0259404 0.845771 0.868789
ENSG00000100056.7 chr22 19132197 19132197 - 4726 -128 22_19132325 chr22 19132325 19132325 356 288.503 1.01639 405.558 4.58307e-10 0.114591 0.00497512 6.72743e-06
ENSG00000260924.2 chr22 19158908 19158908 + 4773 -421629 22_18737279 chr22 18737279 18737279 356 349.099 0.992166 822.368 0.00155706 0.0432379 0.761194 0.761949
ENSG00000100075.5 chr22 19166343 19166343 - 4791 -337 22_19166680 chr22 19166680 19166680 356 316.784 0.975679 572.302 1.72581e-39 -3.11245 0.00497512 8.70286e-32
ENSG00000070371.11 chr22 19279239 19279239 - 4848 18 22_19279221 chr22 19279221 19279221 356 292.431 0.907263 393.639 1.82719e-45 0.0329442 0.00497512 7.47845e-32
ENSG00000185608.4 chr22 19419425 19419425 + 4643 -76877 22_19342548 chr22 19342548 19342548 356 272.563 0.970902 292.167 1.83002e-22 1.49677 0.00497512 1.13168e-14
ENSG00000100084.10 chr22 19435224 19435224 - 4615 -204720 22_19639944 chr22 19639944 19639944 356 239.865 0.905653 218.603 0.000178096 0.34842 0.402985 0.416205
ENSG00000242259.4 chr22 19435755 19435755 - 4615 611678 22_18824077 chr22 18824077 18824077 356 263.888 1.04464 357.751 0.000158131 -0.18722 0.338308 0.3158
