ENSG00000184708.13 chr22 31892094 31892094 - 4107 354972 22_31537122 chr22 31537122 31537122 356 293.561 1.07646 217.741 2.55225e-07 -0.283126 0.00497512 0.000344433
ENSG00000214093.3 chr22 31955469 31955469 + 4211 749816 22_32705285 chr22 32705285 32705285 356 258.934 1.16162 161.426 0.0038466 -0.0349225 0.875622 0.86107
ENSG00000241878.5 chr22 32058418 32058418 - 4253 196572 22_31861846 chr22 31861846 31861846 356 265.87 1.11142 190.987 5.61618e-05 -0.448976 0.0547264 0.066565
ENSG00000183530.9 chr22 32146126 32146126 - 4213 263860 22_31882266 chr22 31882266 31882266 356 321.547 1.00121 330.274 0.00109663 0.108989 0.497512 0.469407
ENSG00000100150.12 chr22 32149944 32149944 + 4226 136423 22_32286367 chr22 32286367 32286367 356 321.043 0.983159 332.246 4.57696e-07 -0.100334 0.00497512 0.000636434
ENSG00000128245.10 chr22 32340447 32340447 + 4356 1237 22_32341684 chr22 32341684 32341684 356 338.113 0.969127 488.193 9.17306e-18 2.1328 0.00497512 7.76912e-14
ENSG00000128254.9 chr22 32341504 32341504 - 4355 -40739 22_32382243 chr22 32382243 32382243 356 287.859 0.989055 219.209 1.66012e-09 0.0271812 0.00497512 1.48775e-05
ENSG00000232346.1 chr22 32435477 32435477 + 4446 424225 22_32859702 chr22 32859702 32859702 356 300.271 1.01597 295.98 0.000556649 5.49487 0.38806 0.355863
ENSG00000128276.6 chr22 32750872 32750872 + 4664 26251 22_32777123 chr22 32777123 32777123 356 290.658 0.983811 262.43 2.10398e-07 -0.0524887 0.00497512 0.000816155
ENSG00000230736.2 chr22 32772651 32772651 + 4692 -980359 22_31792292 chr22 31792292 31792292 356 305.712 1.14579 408.854 0.000342113 0.0208986 0.273632 0.247117
ENSG00000205853.6 chr22 32778039 32778039 - 4698 -468 22_32778507 chr22 32778507 32778507 356 311.743 1.08533 444.279 1.76404e-10 -0.0782031 0.00497512 3.13006e-07
ENSG00000241954.1 chr22 32779773 32779773 + 4700 -21702 22_32758071 chr22 32758071 32758071 356 288.642 1.1109 289.171 4.13034e-05 -0.100299 0.0348259 0.0437691
ENSG00000232218.1 chr22 32782655 32782655 + 4705 44085 22_32826740 chr22 32826740 32826740 356 288.815 1.1613 310.646 0.000541839 0.131834 0.38806 0.360618
ENSG00000100220.7 chr22 32808242 32808242 - 4740 29015 22_32779227 chr22 32779227 32779227 356 352.576 0.92763 585.825 4.06671e-06 -0.556121 0.00497512 0.004186
ENSG00000100225.13 chr22 32870663 32870663 + 4792 17959 22_32888622 chr22 32888622 32888622 356 279.046 1.24094 286.564 1.08997e-13 -0.368396 0.00497512 1.56533e-10
ENSG00000232073.1 chr22 33560049 33560049 + 5199 101911 22_33661960 chr22 33661960 33661960 356 283.653 1.01887 344.017 0.000645696 0.0549426 0.547264 0.542735
ENSG00000273082.1 chr22 34318410 34318410 + 5035 2784 22_34321194 chr22 34321194 34321194 356 309.71 1.00077 335.19 0.000436644 0.0524434 0.293532 0.293697
ENSG00000133424.16 chr22 34318829 34318829 - 5035 5875 22_34312954 chr22 34312954 34312954 356 293.943 1.07674 323.541 0.000118918 0.33262 0.134328 0.118085
ENSG00000175329.8 chr22 35462129 35462129 + 5053 77768 22_35539897 chr22 35539897 35539897 356 223.352 0.834124 96.4819 6.62545e-07 1.03199 0.0298507 0.0188056
ENSG00000233080.2 chr22 35627049 35627049 - 5160 -286927 22_35913976 chr22 35913976 35913976 356 254.902 0.932633 144.616 0.0018281 0.072686 0.716418 0.729193
ENSG00000100281.9 chr22 35653445 35653445 + 5193 949404 22_36602849 chr22 36602849 36602849 356 305.381 0.988204 331.56 0.00131737 -0.0838841 0.631841 0.627505
ENSG00000100284.16 chr22 35695268 35695268 + 5231 593052 22_36288320 chr22 36288320 36288320 356 332.151 1.06211 506.015 0.000187197 0.165619 0.119403 0.124947
ENSG00000100292.12 chr22 35776354 35776354 + 5143 -3697 22_35772657 chr22 35772657 35772657 356 280.159 1.07239 267.626 0.000134348 -2.09488 0.134328 0.147644
ENSG00000100297.11 chr22 35796056 35796056 + 5053 -264662 22_35531394 chr22 35531394 35531394 356 293.057 1.04415 256.104 2.45535e-05 -0.571129 0.0199005 0.0275485
ENSG00000100302.6 chr22 35936915 35936915 + 5002 502293 22_36439208 chr22 36439208 36439208 356 294.291 0.944542 260.392 3.25497e-05 0.0110015 0.0348259 0.0494255
ENSG00000198125.8 chr22 36033998 36033998 - 4973 632585 22_35401413 chr22 35401413 35401413 356 300.896 0.965592 388.645 0.00240681 0.00937199 0.855721 0.879168
ENSG00000221963.5 chr22 36044442 36044442 + 4953 913176 22_36957618 chr22 36957618 36957618 356 299.454 0.969708 304.251 0.000205755 -0.298073 0.189055 0.194877
ENSG00000100320.18 chr22 36424473 36424473 - 5031 -133150 22_36557623 chr22 36557623 36557623 356 263.836 0.915691 208.698 0.000649569 -0.00905092 0.492537 0.543632
ENSG00000128284.15 chr22 36562225 36562225 - 4807 -861260 22_37423485 chr22 37423485 37423485 356 318.505 1.01832 527.908 0.000436225 -0.395825 0.343284 0.362708
ENSG00000100336.13 chr22 36600886 36600886 - 4755 -34 22_36600920 chr22 36600920 36600920 356 296.725 0.944363 399.639 4.76986e-19 0.0479448 0.00497512 8.31597e-13
ENSG00000128335.9 chr22 36636000 36636000 - 4829 244 22_36635756 chr22 36635756 36635756 356 311.9 0.944872 445.287 7.88465e-05 -1.12323 0.109453 0.108604
ENSG00000100342.16 chr22 36649056 36649056 + 4857 -661624 22_35987432 chr22 35987432 35987432 356 311.604 1.13935 511.533 0.000106891 5.12095 0.114428 0.0984363
ENSG00000100345.16 chr22 36784063 36784063 - 4923 108913 22_36675150 chr22 36675150 36675150 356 336.149 0.972728 678.386 1.75125e-08 -3.68755 0.00497512 3.98104e-05
ENSG00000223695.1 chr22 36784671 36784671 + 4924 53100 22_36837771 chr22 36837771 36837771 356 276.196 1.04957 309.2 1.25816e-07 -0.0736704 0.00497512 0.000699253
ENSG00000237668.1 chr22 36817689 36817689 - 4948 255453 22_36562236 chr22 36562236 36562236 356 291.631 1.06654 370.316 0.000862294 -0.520354 0.60199 0.58481
ENSG00000100348.5 chr22 36878077 36878077 - 4857 3478 22_36874599 chr22 36874599 36874599 356 338.426 0.889168 580.347 1.61569e-09 -1.16901 0.00497512 1.0359e-05
ENSG00000100350.10 chr22 36903148 36903148 - 4837 -13008 22_36916156 chr22 36916156 36916156 356 334.932 0.972353 661.864 2.4077e-05 0.30395 0.0348259 0.0306197
