ENSG00000100364.14 chr22 45636650 45636650 - 6105 -4761 22_45641411 chr22 45641411 45641411 356 353.41 0.913085 1235.3 1.04045e-23 1.14342 0.00497512 9.99195e-19
ENSG00000273287.1 chr22 45659466 45659466 - 6101 -89624 22_45749090 chr22 45749090 45749090 356 307.971 0.986236 692.523 0.00160689 0.0101259 0.905473 0.90431
ENSG00000100376.7 chr22 45704849 45704849 + 6049 21496 22_45726345 chr22 45726345 45726345 356 308.667 0.968187 598.837 2.4005e-80 -3.14199 0.00497512 5.28101e-65
ENSG00000077935.12 chr22 45809500 45809500 - 5877 -124 22_45809624 chr22 45809624 45809624 356 255.823 0.848233 270.208 3.06408e-11 -0.21516 0.00497512 3.29481e-05
ENSG00000128408.7 chr22 45809572 45809572 + 5877 52 22_45809624 chr22 45809624 45809624 356 347.222 0.972094 936.301 1.66807e-37 -0.409827 0.00497512 1.00233e-32
ENSG00000238120.1 chr22 46001501 46001501 - 6025 83597 22_45917904 chr22 45917904 45917904 356 297.316 1.0509 618.015 0.000825536 -0.0825964 0.726368 0.733199
ENSG00000130638.11 chr22 46067678 46067678 + 6031 94197 22_46161875 chr22 46161875 46161875 356 322.434 0.869857 659.042 0.000442999 -0.649802 0.472637 0.48776
ENSG00000188064.5 chr22 46373009 46373009 - 5647 19723 22_46353286 chr22 46353286 46353286 356 278.507 1.16696 422.998 0.000191789 0.0660788 0.253731 0.264655
ENSG00000273145.1 chr22 46409486 46409486 + 5599 -503639 22_45905847 chr22 45905847 45905847 356 360.763 0.835061 1064.87 0.000257234 0.0375162 0.303483 0.297919
ENSG00000231711.2 chr22 46440733 46440733 - 5528 489748 22_45950985 chr22 45950985 45950985 356 236.111 0.973486 157.471 0.0028756 -0.00442389 0.915423 0.915053
ENSG00000197182.8 chr22 46449749 46449749 + 5526 -2035 22_46447714 chr22 46447714 46447714 356 319.983 1.01378 673.917 1.10041e-08 0.0268816 0.00497512 3.52717e-05
ENSG00000182257.5 chr22 46450024 46450024 - 5526 471362 22_45978662 chr22 45978662 45978662 356 311.361 0.973468 538.822 6.12003e-08 0.0328857 0.00497512 0.00027976
ENSG00000235159.1 chr22 46465771 46465771 - 5535 563652 22_45902119 chr22 45902119 45902119 356 279.516 1.09442 356.256 0.000582647 0.018708 0.547264 0.518
ENSG00000186951.12 chr22 46546424 46546424 + 5489 75570 22_46621994 chr22 46621994 46621994 356 292.292 1.08531 411.299 4.14914e-07 -0.122962 0.00995025 0.00104475
ENSG00000205643.6 chr22 46646576 46646576 - 5462 201105 22_46445471 chr22 46445471 46445471 356 298.55 0.963828 410.236 5.15972e-05 0.126792 0.079602 0.0915971
ENSG00000130943.5 chr22 46659219 46659219 - 5425 -723 22_46659942 chr22 46659942 46659942 356 351.237 0.907862 1033.96 2.45894e-11 -0.0148837 0.00497512 1.74168e-07
ENSG00000075234.12 chr22 46663858 46663858 + 5401 13440 22_46677298 chr22 46677298 46677298 356 262.254 1.11892 265.025 2.70052e-19 -0.977754 0.00497512 1.41385e-13
ENSG00000075218.14 chr22 46692638 46692638 + 5365 11605 22_46704243 chr22 46704243 46704243 356 322.555 0.994975 569.393 1.43537e-11 -0.609324 0.00497512 7.9737e-08
ENSG00000100416.8 chr22 46726772 46726772 + 5384 25308 22_46752080 chr22 46752080 46752080 356 298.185 1.04903 413.892 1.82295e-08 -0.136632 0.00497512 6.73965e-05
ENSG00000075275.12 chr22 46933067 46933067 - 5194 654859 22_46278208 chr22 46278208 46278208 356 237.971 0.882942 193.021 3.08381e-10 0.275851 0.00497512 0.000171825
ENSG00000075240.12 chr22 46971909 46971909 + 5192 4648 22_46976557 chr22 46976557 46976557 356 294.743 1.04896 362.502 1.03055e-11 -0.398905 0.00497512 1.018e-07
ENSG00000100422.9 chr22 47134158 47134158 - 5358 52303 22_47081855 chr22 47081855 47081855 356 285.93 1.24554 408.755 6.83677e-13 -0.70282 0.00497512 7.15859e-10
ENSG00000260708.1 chr22 47158460 47158460 - 5361 848 22_47157612 chr22 47157612 47157612 356 322.99 0.991453 626.626 2.87628e-39 -1.03534 0.00497512 1.0458e-32
ENSG00000054611.9 chr22 47158518 47158518 + 5361 3384 22_47161902 chr22 47161902 47161902 356 303.817 0.94285 407.076 4.43685e-11 0.486441 0.00497512 1.10902e-06
ENSG00000212939.2 chr22 49942329 49942329 + 8024 108139 22_50050468 chr22 50050468 50050468 356 300.375 0.950766 603.755 9.92366e-16 -0.0145064 0.00497512 3.19016e-10
ENSG00000213279.2 chr22 49969074 49969074 - 8005 -56472 22_50025546 chr22 50025546 50025546 356 335.975 0.935384 1200.64 8.91041e-09 -0.0216663 0.00497512 5.63895e-05
ENSG00000235111.1 chr22 50009364 50009364 - 7935 18894 22_49990470 chr22 49990470 49990470 356 335.801 1.0548 1113.22 2.31116e-19 -0.0497965 0.00497512 4.09455e-16
ENSG00000188511.8 chr22 50051190 50051190 - 7837 -5926 22_50057116 chr22 50057116 50057116 356 351.515 0.938762 1422.92 7.94013e-21 -0.199921 0.00497512 2.13484e-16
ENSG00000226954.1 chr22 50118154 50118154 - 7439 -38984 22_50157138 chr22 50157138 50157138 356 304.356 1.00573 656.85 7.98674e-10 -0.0155304 0.00497512 8.19295e-06
ENSG00000100425.14 chr22 50221160 50221160 - 7150 24817 22_50196343 chr22 50196343 50196343 356 323.546 1.06845 1063.92 5.72191e-10 -0.237454 0.00497512 1.51536e-06
ENSG00000260613.1 chr22 50231434 50231434 - 7115 473591 22_49757843 chr22 49757843 49757843 356 322.955 0.994417 1069.17 0.000356562 -0.0245369 0.532338 0.515862
ENSG00000100426.6 chr22 50247490 50247490 + 7045 6193 22_50253683 chr22 50253683 50253683 356 288.329 1.13657 511.582 3.27313e-07 -0.257247 0.00497512 0.00089912
ENSG00000273192.1 chr22 50295876 50295876 + 6836 8715 22_50304591 chr22 50304591 50304591 356 278.942 1.22022 440.743 2.58649e-11 -0.282223 0.00497512 7.52547e-08
ENSG00000184164.10 chr22 50311815 50311815 + 6751 1544 22_50313359 chr22 50313359 50313359 356 303.382 1.11068 621.823 9.14054e-45 -2.28988 0.00497512 1.73789e-39
ENSG00000182858.9 chr22 50312106 50312106 - 6749 149970 22_50162136 chr22 50162136 50162136 356 280.176 1.16916 431.686 4.09782e-15 -0.242035 0.00497512 4.18922e-11
ENSG00000198355.4 chr22 50354161 50354161 + 6470 -995840 22_49358321 chr22 49358321 49358321 356 285.739 0.996349 452.01 0.000229934 1.98941 0.353234 0.356349
ENSG00000100427.11 chr22 50524331 50524331 - 5639 -670730 22_51195061 chr22 51195061 51195061 356 264.74 0.928519 326.922 1.99932e-08 0.296901 0.00497512 0.000766268
ENSG00000073146.11 chr22 50528308 50528308 + 5627 -788192 22_49740116 chr22 49740116 49740116 356 132.022 0.899552 54.9354 3.97491e-06 0.0425977 0.313433 0.287778
