ENSG00000184381.14 chr22 38601697 38601697 - 3912 83817 22_38517880 chr22 38517880 38517880 356 290.05 1.09299 275.921 9.65043e-08 0.0977682 0.00497512 0.000190311
ENSG00000256873.1 chr22 38617120 38617120 - 3950 -40935 22_38658055 chr22 38658055 38658055 356 256.414 1.10167 174.684 9.98765e-06 -0.706932 0.00995025 0.020565
ENSG00000235246.1 chr22 38627326 38627326 + 3929 -923096 22_37704230 chr22 37704230 37704230 356 314.872 0.98804 341.656 0.000959049 -0.050461 0.467662 0.483737
ENSG00000198792.8 chr22 38669040 38669040 - 3882 2667 22_38666373 chr22 38666373 38666373 356 280.02 0.973989 226.171 5.96398e-08 -0.463734 0.00497512 0.000433111
ENSG00000244627.1 chr22 38793450 38793450 - 3875 -19619 22_38813069 chr22 38813069 38813069 356 281.41 1.04948 201.018 0.000364456 -0.0595074 0.263682 0.243896
ENSG00000213923.6 chr22 38794527 38794527 - 3876 75988 22_38718539 chr22 38718539 38718539 356 302.444 1.15847 303.992 0.000125692 0.709898 0.0597015 0.0776734
ENSG00000100196.6 chr22 38864067 38864067 + 3824 -360588 22_38503479 chr22 38503479 38503479 356 284.609 1.13617 247.839 0.00250556 -0.0849287 0.800995 0.78125
ENSG00000100201.14 chr22 38903665 38903665 - 3806 21962 22_38881703 chr22 38881703 38881703 356 316.819 0.879164 272.698 0.000502205 -0.846596 0.323383 0.301794
ENSG00000100206.5 chr22 38966291 38966291 - 3749 -545874 22_39512165 chr22 39512165 39512165 356 300.601 1.07523 287.816 0.000183188 0.172782 0.119403 0.131258
ENSG00000184949.11 chr22 39052634 39052634 - 3750 -64835 22_39117469 chr22 39117469 39117469 356 297.559 0.995739 255.356 8.9512e-05 0.00500171 0.0895522 0.0847535
ENSG00000100211.6 chr22 39052641 39052641 + 3750 63032 22_39115673 chr22 39115673 39115673 356 269.833 1.13979 178.487 0.000263874 0.203712 0.164179 0.181035
ENSG00000230912.1 chr22 39064755 39064755 - 3732 24328 22_39040427 chr22 39040427 39040427 356 310.109 0.939218 261.777 0.00010778 -0.0339295 0.0945274 0.090932
ENSG00000228274.3 chr22 39077792 39077792 - 3742 -51916 22_39129708 chr22 39129708 39129708 356 353.358 0.953288 524.22 0.000758927 -0.0520149 0.373134 0.363516
ENSG00000100216.4 chr22 39077953 39077953 + 3742 -12987 22_39064966 chr22 39064966 39064966 356 268.391 1.03691 164.185 3.33916e-23 -2.4333 0.00497512 3.22898e-16
ENSG00000100221.6 chr22 39097561 39097561 - 3717 -12563 22_39110124 chr22 39110124 39110124 356 303.834 1.03521 281.75 3.2466e-30 -1.3636 0.00497512 2.19296e-24
ENSG00000100226.11 chr22 39101728 39101728 + 3716 -36762 22_39064966 chr22 39064966 39064966 356 373.522 0.993757 652.794 6.1127e-08 -0.336016 0.00497512 2.0319e-05
ENSG00000229598.1 chr22 39119510 39119510 - 3687 -743816 22_39863326 chr22 39863326 39863326 356 307.711 0.982247 295.443 0.00459367 -0.0335303 0.930348 0.920381
ENSG00000257034.1 chr22 39127778 39127778 + 3677 400728 22_39528506 chr22 39528506 39528506 356 281.463 1.14993 222.126 0.0015891 0.573848 0.646766 0.610292
ENSG00000203583.2 chr22 39128914 39128914 + 3676 27683 22_39156597 chr22 39156597 39156597 356 318.922 0.947359 300.397 0.000536871 -0.975002 0.293532 0.29555
ENSG00000273096.1 chr22 39132797 39132797 - 3675 575195 22_38557602 chr22 38557602 38557602 356 331.316 1.07503 380.315 0.000879335 0.233515 0.358209 0.362071
ENSG00000225450.1 chr22 39135008 39135008 + 3674 -433390 22_38701618 chr22 38701618 38701618 356 305.59 1.1023 282.204 0.000408711 0.286782 0.208955 0.216562
ENSG00000272669.1 chr22 39138630 39138630 + 3673 -67769 22_39070861 chr22 39070861 39070861 356 306.094 0.984458 267.695 0.00103273 -0.305664 0.512438 0.474492
ENSG00000273076.1 chr22 39139500 39139500 + 3674 -228690 22_38910810 chr22 38910810 38910810 356 255.979 1.34526 189.279 0.00256327 0.0446665 0.800995 0.783042
ENSG00000100242.11 chr22 39190148 39190148 - 3624 55941 22_39134207 chr22 39134207 39134207 356 297.437 1.04319 230.393 1.75826e-06 -0.570514 0.0149254 0.00219898
ENSG00000100246.8 chr22 39190203 39190203 - 3625 107 22_39190096 chr22 39190096 39190096 356 313.499 1.01574 301.221 2.48345e-07 -0.229014 0.00497512 0.000341973
ENSG00000221890.2 chr22 39239987 39239987 - 3617 -412403 22_39652390 chr22 39652390 39652390 356 237.501 0.960968 115.427 0.00220731 -0.0292246 0.781095 0.777267
ENSG00000183741.7 chr22 39268319 39268319 - 3614 1868 22_39266451 chr22 39266451 39266451 356 303.782 1.0159 251.529 3.09587e-10 -0.875413 0.00497512 1.23689e-06
ENSG00000128383.8 chr22 39348746 39348746 + 3628 -872470 22_38476276 chr22 38476276 38476276 356 378.024 0.827842 604.247 0.00163976 0.00804259 0.552239 0.594451
ENSG00000179750.11 chr22 39378352 39378352 + 3631 -20315 22_39358037 chr22 39358037 39358037 356 302.374 1.05774 268.736 8.97964e-34 -3.62776 0.00497512 5.29989e-28
ENSG00000244509.3 chr22 39410088 39410088 + 3652 412 22_39410500 chr22 39410500 39410500 356 328.24 1.01234 407.132 2.92284e-14 3.51536 0.00497512 8.86439e-11
ENSG00000243811.3 chr22 39410368 39410368 + 3652 10233 22_39420601 chr22 39420601 39420601 356 277.69 0.932689 162.428 1.1414e-19 -0.764033 0.00497512 1.34516e-12
ENSG00000128394.12 chr22 39436609 39436609 + 3669 6558 22_39443167 chr22 39443167 39443167 356 286.243 1.09301 246.908 2.38531e-40 -0.725875 0.00497512 3.76122e-33
ENSG00000239713.3 chr22 39436924 39436924 + 3669 70730 22_39507654 chr22 39507654 39507654 356 320.921 1.03462 340.083 1.53217e-11 -0.906591 0.00497512 2.84766e-08
ENSG00000259421.1 chr22 39466419 39466419 + 3643 51323 22_39517742 chr22 39517742 39517742 356 276.682 0.951609 170.932 2.27903e-14 0.415484 0.00497512 7.72996e-09
ENSG00000225720.2 chr22 39487591 39487591 + 3638 -208076 22_39279515 chr22 39279515 39279515 356 290.519 0.948021 228.513 0.00174221 0.0746311 0.656716 0.679577
ENSG00000100298.11 chr22 39493229 39493229 + 3632 4175 22_39497404 chr22 39497404 39497404 356 300.358 1.03852 284.36 2.52463e-34 -1.54142 0.00497512 9.01227e-28
ENSG00000226024.1 chr22 39516571 39516571 - 3589 -1442 22_39518013 chr22 39518013 39518013 356 278.594 1.13283 195.484 2.7762e-10 -0.265162 0.00497512 8.57676e-07
ENSG00000100307.8 chr22 39548679 39548679 - 3552 -8735 22_39557414 chr22 39557414 39557414 356 346.387 0.871154 399.933 4.11143e-05 0.181782 0.039801 0.0357741
